image1_path,image2_path,confidence
../data/raw/worms/extracted/20250318/image_00000.npy,Not enough keypoints in query image,0.0000
../data/raw/worms/extracted/20250318/image_00001.npy,Not enough keypoints in query image,0.0000
../data/raw/worms/extracted/20250318/image_00002.npy,Not enough keypoints in query image,0.0000
../data/raw/worms/extracted/20250318/image_00003.npy,Not enough keypoints in query image,0.0000
../data/raw/worms/extracted/20250318/image_00004.npy,Not enough keypoints in query image,0.0000
../data/raw/worms/extracted/20250318/image_00005.npy,Not enough keypoints in query image,0.0000
../data/raw/worms/extracted/20250318/image_00006.npy,Not enough keypoints in query image,0.0000
../data/raw/worms/extracted/20250318/image_00007.npy,Not enough keypoints in query image,0.0000
../data/raw/worms/extracted/20250318/image_00008.npy,Not enough keypoints in query image,0.0000
../data/raw/worms/extracted/20250318/image_00009.npy,Not enough keypoints in query image,0.0000
../data/raw/worms/extracted/20250318/image_00010.npy,Not enough keypoints in query image,0.0000
../data/raw/worms/extracted/20250318/image_00011.npy,Not enough keypoints in query image,0.0000
../data/raw/worms/extracted/20250318/image_00012.npy,Not enough keypoints in query image,0.0000
../data/raw/worms/extracted/20250318/image_00013.npy,Not enough keypoints in query image,0.0000
../data/raw/worms/extracted/20250318/image_00014.npy,Not enough keypoints in query image,0.0000
../data/raw/worms/extracted/20250318/image_00015.npy,Not enough keypoints in query image,0.0000
../data/raw/worms/extracted/20250318/image_00016.npy,Not enough keypoints in query image,0.0000
../data/raw/worms/extracted/20250318/image_00017.npy,Not enough keypoints in query image,0.0000
../data/raw/worms/extracted/20250318/image_00018.npy,Not enough keypoints in query image,0.0000
../data/raw/worms/extracted/20250318/image_00019.npy,Not enough keypoints in query image,0.0000
../data/raw/worms/extracted/20250318/image_00020.npy,Not enough keypoints in query image,0.0000
../data/raw/worms/extracted/20250318/image_00021.npy,Not enough keypoints in query image,0.0000
../data/raw/worms/extracted/20250318/image_00022.npy,Not enough keypoints in query image,0.0000
../data/raw/worms/extracted/20250318/image_00023.npy,Not enough keypoints in query image,0.0000
../data/raw/worms/extracted/20250318/image_00024.npy,Not enough keypoints in query image,0.0000
../data/raw/worms/extracted/20250318/image_00025.npy,Not enough keypoints in query image,0.0000
../data/raw/worms/extracted/20250318/image_00026.npy,Not enough keypoints in query image,0.0000
../data/raw/worms/extracted/20250318/image_00027.npy,Not enough keypoints in query image,0.0000
../data/raw/worms/extracted/20250318/image_00028.npy,Not enough keypoints in query image,0.0000
../data/raw/worms/extracted/20250318/image_00029.npy,Not enough keypoints in query image,0.0000
../data/raw/worms/extracted/20250318/image_00030.npy,Not enough keypoints in query image,0.0000
../data/raw/worms/extracted/20250318/image_00031.npy,Not enough keypoints in query image,0.0000
../data/raw/worms/extracted/20250318/image_00032.npy,Not enough keypoints in query image,0.0000
../data/raw/worms/extracted/20250318/image_00033.npy,Not enough keypoints in query image,0.0000
../data/raw/worms/extracted/20250318/image_00034.npy,Not enough keypoints in query image,0.0000
../data/raw/worms/extracted/20250318/image_00035.npy,Not enough keypoints in query image,0.0000
../data/raw/worms/extracted/20250318/image_00036.npy,Not enough keypoints in query image,0.0000
../data/raw/worms/extracted/20250318/image_00037.npy,Not enough keypoints in query image,0.0000
../data/raw/worms/extracted/20250318/image_00038.npy,Not enough keypoints in query image,0.0000
../data/raw/worms/extracted/20250318/image_00039.npy,Not enough keypoints in query image,0.0000
../data/raw/worms/extracted/20250318/image_00040.npy,Not enough keypoints in query image,0.0000
../data/raw/worms/extracted/20250318/image_00041.npy,Not enough keypoints in query image,0.0000
../data/raw/worms/extracted/20250318/image_00042.npy,Not enough keypoints in query image,0.0000
../data/raw/worms/extracted/20250318/image_00043.npy,Not enough keypoints in query image,0.0000
../data/raw/worms/extracted/20250318/image_00044.npy,Not enough keypoints in query image,0.0000
../data/raw/worms/extracted/20250318/image_00045.npy,Not enough keypoints in query image,0.0000
../data/raw/worms/extracted/20250318/image_00046.npy,Not enough keypoints in query image,0.0000
../data/raw/worms/extracted/20250318/image_00047.npy,Not enough keypoints in query image,0.0000
../data/raw/worms/extracted/20250318/image_00048.npy,Not enough keypoints in query image,0.0000
../data/raw/worms/extracted/20250318/image_00049.npy,Not enough keypoints in query image,0.0000
../data/raw/worms/extracted/20250318/image_00050.npy,Not enough keypoints in query image,0.0000
../data/raw/worms/extracted/20250318/image_00051.npy,Not enough keypoints in query image,0.0000
../data/raw/worms/extracted/20250318/image_00052.npy,Not enough keypoints in query image,0.0000
../data/raw/worms/extracted/20250318/image_00053.npy,Not enough keypoints in query image,0.0000
../data/raw/worms/extracted/20250318/image_00054.npy,Not enough keypoints in query image,0.0000
../data/raw/worms/extracted/20250318/image_00055.npy,Not enough keypoints in query image,0.0000
../data/raw/worms/extracted/20250318/image_00056.npy,Not enough keypoints in query image,0.0000
../data/raw/worms/extracted/20250318/image_00057.npy,Not enough keypoints in query image,0.0000
../data/raw/worms/extracted/20250318/image_00058.npy,Not enough keypoints in query image,0.0000
../data/raw/worms/extracted/20250318/image_00059.npy,Not enough keypoints in query image,0.0000
../data/raw/worms/extracted/20250318/image_00060.npy,Not enough keypoints in query image,0.0000
../data/raw/worms/extracted/20250318/image_00061.npy,Not enough keypoints in query image,0.0000
../data/raw/worms/extracted/20250318/image_00062.npy,Not enough keypoints in query image,0.0000
../data/raw/worms/extracted/20250318/image_00063.npy,Not enough keypoints in query image,0.0000
../data/raw/worms/extracted/20250318/image_00064.npy,Not enough keypoints in query image,0.0000
../data/raw/worms/extracted/20250318/image_00065.npy,Not enough keypoints in query image,0.0000
../data/raw/worms/extracted/20250318/image_00066.npy,Not enough keypoints in query image,0.0000
../data/raw/worms/extracted/20250318/image_00067.npy,Not enough keypoints in query image,0.0000
../data/raw/worms/extracted/20250318/image_00068.npy,Not enough keypoints in query image,0.0000
../data/raw/worms/extracted/20250318/image_00069.npy,Not enough keypoints in query image,0.0000
../data/raw/worms/extracted/20250318/image_00070.npy,Not enough keypoints in query image,0.0000
../data/raw/worms/extracted/20250318/image_00071.npy,Not enough keypoints in query image,0.0000
../data/raw/worms/extracted/20250318/image_00072.npy,Not enough keypoints in query image,0.0000
../data/raw/worms/extracted/20250318/image_00073.npy,Not enough keypoints in query image,0.0000
../data/raw/worms/extracted/20250318/image_00074.npy,Not enough keypoints in query image,0.0000
../data/raw/worms/extracted/20250318/image_00075.npy,Not enough keypoints in query image,0.0000
../data/raw/worms/extracted/20250318/image_00076.npy,Not enough keypoints in query image,0.0000
../data/raw/worms/extracted/20250318/image_00077.npy,Not enough keypoints in query image,0.0000
../data/raw/worms/extracted/20250318/image_00078.npy,Not enough keypoints in query image,0.0000
../data/raw/worms/extracted/20250318/image_00079.npy,Not enough keypoints in query image,0.0000
../data/raw/worms/extracted/20250318/image_00080.npy,Not enough keypoints in query image,0.0000
../data/raw/worms/extracted/20250318/image_00081.npy,Not enough keypoints in query image,0.0000
../data/raw/worms/extracted/20250318/image_00082.npy,Not enough keypoints in query image,0.0000
../data/raw/worms/extracted/20250318/image_00083.npy,Not enough keypoints in query image,0.0000
../data/raw/worms/extracted/20250318/image_00084.npy,Not enough keypoints in query image,0.0000
../data/raw/worms/extracted/20250318/image_00085.npy,Not enough keypoints in query image,0.0000
../data/raw/worms/extracted/20250318/image_00086.npy,Not enough keypoints in query image,0.0000
../data/raw/worms/extracted/20250318/image_00087.npy,Not enough keypoints in query image,0.0000
../data/raw/worms/extracted/20250318/image_00088.npy,Not enough keypoints in query image,0.0000
../data/raw/worms/extracted/20250318/image_00089.npy,Not enough keypoints in query image,0.0000
../data/raw/worms/extracted/20250318/image_00090.npy,Not enough keypoints in query image,0.0000
../data/raw/worms/extracted/20250318/image_00091.npy,Not enough keypoints in query image,0.0000
../data/raw/worms/extracted/20250318/image_00092.npy,Not enough keypoints in query image,0.0000
../data/raw/worms/extracted/20250318/image_00093.npy,Not enough keypoints in query image,0.0000
../data/raw/worms/extracted/20250318/image_00094.npy,Not enough keypoints in query image,0.0000
../data/raw/worms/extracted/20250318/image_00095.npy,Not enough keypoints in query image,0.0000
../data/raw/worms/extracted/20250318/image_00096.npy,Not enough keypoints in query image,0.0000
../data/raw/worms/extracted/20250318/image_00097.npy,Not enough keypoints in query image,0.0000
../data/raw/worms/extracted/20250318/image_00098.npy,Not enough keypoints in query image,0.0000
../data/raw/worms/extracted/20250318/image_00099.npy,Not enough keypoints in query image,0.0000
../data/raw/worms/extracted/20250318/image_00100.npy,Not enough keypoints in query image,0.0000
../data/raw/worms/extracted/20250318/image_00101.npy,Not enough keypoints in query image,0.0000
../data/raw/worms/extracted/20250318/image_00102.npy,Not enough keypoints in query image,0.0000
../data/raw/worms/extracted/20250318/image_00103.npy,Not enough keypoints in query image,0.0000
../data/raw/worms/extracted/20250318/image_00104.npy,Not enough keypoints in query image,0.0000
../data/raw/worms/extracted/20250318/image_00105.npy,Not enough keypoints in query image,0.0000
../data/raw/worms/extracted/20250318/image_00106.npy,Not enough keypoints in query image,0.0000
../data/raw/worms/extracted/20250318/image_00107.npy,Not enough keypoints in query image,0.0000
../data/raw/worms/extracted/20250318/image_00108.npy,Not enough keypoints in query image,0.0000
../data/raw/worms/extracted/20250318/image_00109.npy,Not enough keypoints in query image,0.0000
../data/raw/worms/extracted/20250318/image_00110.npy,Not enough keypoints in query image,0.0000
../data/raw/worms/extracted/20250318/image_00111.npy,Not enough keypoints in query image,0.0000
../data/raw/worms/extracted/20250318/image_00112.npy,Not enough keypoints in query image,0.0000
../data/raw/worms/extracted/20250318/image_00113.npy,Not enough keypoints in query image,0.0000
../data/raw/worms/extracted/20250318/image_00114.npy,Not enough keypoints in query image,0.0000
../data/raw/worms/extracted/20250318/image_00115.npy,Not enough keypoints in query image,0.0000
../data/raw/worms/extracted/20250318/image_00116.npy,Not enough keypoints in query image,0.0000
../data/raw/worms/extracted/20250318/image_00117.npy,Not enough keypoints in query image,0.0000
../data/raw/worms/extracted/20250318/image_00118.npy,Not enough keypoints in query image,0.0000
../data/raw/worms/extracted/20250318/image_00119.npy,Not enough keypoints in query image,0.0000
../data/raw/worms/extracted/20250318/image_00120.npy,Not enough keypoints in query image,0.0000
../data/raw/worms/extracted/20250318/image_00121.npy,Not enough keypoints in query image,0.0000
../data/raw/worms/extracted/20250318/image_00122.npy,Not enough keypoints in query image,0.0000
../data/raw/worms/extracted/20250318/image_00123.npy,Not enough keypoints in query image,0.0000
../data/raw/worms/extracted/20250318/image_00124.npy,Not enough keypoints in query image,0.0000
../data/raw/worms/extracted/20250318/image_00125.npy,Not enough keypoints in query image,0.0000
../data/raw/worms/extracted/20250318/image_00126.npy,Not enough keypoints in query image,0.0000
../data/raw/worms/extracted/20250318/image_00127.npy,Not enough keypoints in query image,0.0000
../data/raw/worms/extracted/20250318/image_00128.npy,Not enough keypoints in query image,0.0000
../data/raw/worms/extracted/20250318/image_00129.npy,Not enough keypoints in query image,0.0000
../data/raw/worms/extracted/20250318/image_00130.npy,Not enough keypoints in query image,0.0000
../data/raw/worms/extracted/20250318/image_00131.npy,Not enough keypoints in query image,0.0000
../data/raw/worms/extracted/20250318/image_00132.npy,Not enough keypoints in query image,0.0000
../data/raw/worms/extracted/20250318/image_00133.npy,Not enough keypoints in query image,0.0000
../data/raw/worms/extracted/20250318/image_00134.npy,Not enough keypoints in query image,0.0000
../data/raw/worms/extracted/20250318/image_00135.npy,Not enough keypoints in query image,0.0000
../data/raw/worms/extracted/20250318/image_00136.npy,Not enough keypoints in query image,0.0000
../data/raw/worms/extracted/20250318/image_00137.npy,Not enough keypoints in query image,0.0000
../data/raw/worms/extracted/20250318/image_00138.npy,Not enough keypoints in query image,0.0000
../data/raw/worms/extracted/20250318/image_00139.npy,Not enough keypoints in query image,0.0000
../data/raw/worms/extracted/20250318/image_00140.npy,Not enough keypoints in query image,0.0000
../data/raw/worms/extracted/20250318/image_00141.npy,Not enough keypoints in query image,0.0000
../data/raw/worms/extracted/20250318/image_00142.npy,Not enough keypoints in query image,0.0000
../data/raw/worms/extracted/20250318/image_00143.npy,Not enough keypoints in query image,0.0000
../data/raw/worms/extracted/20250318/image_00144.npy,Not enough keypoints in query image,0.0000
../data/raw/worms/extracted/20250318/image_00145.npy,Not enough keypoints in query image,0.0000
../data/raw/worms/extracted/20250318/image_00146.npy,Not enough keypoints in query image,0.0000
../data/raw/worms/extracted/20250318/image_00147.npy,Not enough keypoints in query image,0.0000
../data/raw/worms/extracted/20250318/image_00148.npy,Not enough keypoints in query image,0.0000
../data/raw/worms/extracted/20250318/image_00149.npy,Not enough keypoints in query image,0.0000
../data/raw/worms/extracted/20250318/image_00150.npy,Not enough keypoints in query image,0.0000
../data/raw/worms/extracted/20250318/image_00151.npy,Not enough keypoints in query image,0.0000
../data/raw/worms/extracted/20250318/image_00152.npy,Not enough keypoints in query image,0.0000
../data/raw/worms/extracted/20250318/image_00153.npy,Not enough keypoints in query image,0.0000
../data/raw/worms/extracted/20250318/image_00154.npy,Not enough keypoints in query image,0.0000
../data/raw/worms/extracted/20250318/image_00155.npy,Not enough keypoints in query image,0.0000
../data/raw/worms/extracted/20250318/image_00156.npy,Not enough keypoints in query image,0.0000
../data/raw/worms/extracted/20250318/image_00157.npy,Not enough keypoints in query image,0.0000
../data/raw/worms/extracted/20250318/image_00158.npy,Not enough keypoints in query image,0.0000
../data/raw/worms/extracted/20250318/image_00159.npy,Not enough keypoints in query image,0.0000
../data/raw/worms/extracted/20250318/image_00160.npy,Not enough keypoints in query image,0.0000
../data/raw/worms/extracted/20250318/image_00161.npy,Not enough keypoints in query image,0.0000
../data/raw/worms/extracted/20250318/image_00162.npy,Not enough keypoints in query image,0.0000
../data/raw/worms/extracted/20250318/image_00163.npy,Not enough keypoints in query image,0.0000
../data/raw/worms/extracted/20250318/image_00164.npy,Not enough keypoints in query image,0.0000
../data/raw/worms/extracted/20250318/image_00165.npy,Not enough keypoints in query image,0.0000
../data/raw/worms/extracted/20250318/image_00166.npy,Not enough keypoints in query image,0.0000
../data/raw/worms/extracted/20250318/image_00167.npy,Not enough keypoints in query image,0.0000
../data/raw/worms/extracted/20250318/image_00168.npy,Not enough keypoints in query image,0.0000
../data/raw/worms/extracted/20250318/image_00169.npy,Not enough keypoints in query image,0.0000
../data/raw/worms/extracted/20250318/image_00170.npy,Not enough keypoints in query image,0.0000
../data/raw/worms/extracted/20250318/image_00171.npy,Not enough keypoints in query image,0.0000
../data/raw/worms/extracted/20250318/image_00172.npy,Not enough keypoints in query image,0.0000
../data/raw/worms/extracted/20250318/image_00173.npy,Not enough keypoints in query image,0.0000
../data/raw/worms/extracted/20250318/image_00174.npy,Not enough keypoints in query image,0.0000
../data/raw/worms/extracted/20250318/image_00175.npy,Not enough keypoints in query image,0.0000
../data/raw/worms/extracted/20250318/image_00176.npy,Not enough keypoints in query image,0.0000
../data/raw/worms/extracted/20250318/image_00177.npy,Not enough keypoints in query image,0.0000
../data/raw/worms/extracted/20250318/image_00178.npy,Not enough keypoints in query image,0.0000
../data/raw/worms/extracted/20250318/image_00179.npy,Not enough keypoints in query image,0.0000
../data/raw/worms/extracted/20250318/image_00180.npy,Not enough keypoints in query image,0.0000
../data/raw/worms/extracted/20250318/image_00181.npy,Not enough keypoints in query image,0.0000
../data/raw/worms/extracted/20250318/image_00182.npy,Not enough keypoints in query image,0.0000
../data/raw/worms/extracted/20250318/image_00183.npy,Not enough keypoints in query image,0.0000
../data/raw/worms/extracted/20250318/image_00184.npy,Not enough keypoints in query image,0.0000
../data/raw/worms/extracted/20250318/image_00185.npy,Not enough keypoints in query image,0.0000
../data/raw/worms/extracted/20250318/image_00186.npy,Not enough keypoints in query image,0.0000
../data/raw/worms/extracted/20250318/image_00187.npy,Not enough keypoints in query image,0.0000
../data/raw/worms/extracted/20250318/image_00188.npy,Not enough keypoints in query image,0.0000
../data/raw/worms/extracted/20250318/image_00189.npy,Not enough keypoints in query image,0.0000
../data/raw/worms/extracted/20250318/image_00190.npy,Not enough keypoints in query image,0.0000
../data/raw/worms/extracted/20250318/image_00191.npy,Not enough keypoints in query image,0.0000
../data/raw/worms/extracted/20250318/image_00192.npy,Not enough keypoints in query image,0.0000
../data/raw/worms/extracted/20250318/image_00193.npy,Not enough keypoints in query image,0.0000
../data/raw/worms/extracted/20250318/image_00194.npy,Not enough keypoints in query image,0.0000
../data/raw/worms/extracted/20250318/image_00195.npy,Not enough keypoints in query image,0.0000
../data/raw/worms/extracted/20250318/image_00196.npy,Not enough keypoints in query image,0.0000
../data/raw/worms/extracted/20250318/image_00197.npy,Not enough keypoints in query image,0.0000
../data/raw/worms/extracted/20250318/image_00198.npy,Not enough keypoints in query image,0.0000
../data/raw/worms/extracted/20250318/image_00199.npy,Not enough keypoints in query image,0.0000
../data/raw/worms/extracted/20250318/image_00200.npy,Not enough keypoints in query image,0.0000
../data/raw/worms/extracted/20250318/image_00201.npy,Not enough keypoints in query image,0.0000
../data/raw/worms/extracted/20250318/image_00202.npy,Not enough keypoints in query image,0.0000
../data/raw/worms/extracted/20250318/image_00203.npy,Not enough keypoints in query image,0.0000
../data/raw/worms/extracted/20250318/image_00204.npy,Not enough keypoints in query image,0.0000
../data/raw/worms/extracted/20250318/image_00205.npy,Not enough keypoints in query image,0.0000
../data/raw/worms/extracted/20250318/image_00206.npy,Not enough keypoints in query image,0.0000
../data/raw/worms/extracted/20250318/image_00207.npy,Not enough keypoints in query image,0.0000
../data/raw/worms/extracted/20250318/image_00208.npy,Not enough keypoints in query image,0.0000
../data/raw/worms/extracted/20250318/image_00209.npy,Not enough keypoints in query image,0.0000
../data/raw/worms/extracted/20250318/image_00210.npy,Not enough keypoints in query image,0.0000
../data/raw/worms/extracted/20250318/image_00211.npy,Not enough keypoints in query image,0.0000
../data/raw/worms/extracted/20250318/image_00212.npy,Not enough keypoints in query image,0.0000
../data/raw/worms/extracted/20250318/image_00213.npy,Not enough keypoints in query image,0.0000
../data/raw/worms/extracted/20250318/image_00214.npy,Not enough keypoints in query image,0.0000
../data/raw/worms/extracted/20250318/image_00215.npy,Not enough keypoints in query image,0.0000
../data/raw/worms/extracted/20250318/image_00216.npy,Not enough keypoints in query image,0.0000
../data/raw/worms/extracted/20250318/image_00217.npy,Not enough keypoints in query image,0.0000
../data/raw/worms/extracted/20250318/image_00218.npy,Not enough keypoints in query image,0.0000
../data/raw/worms/extracted/20250318/image_00219.npy,Not enough keypoints in query image,0.0000
../data/raw/worms/extracted/20250318/image_00220.npy,Not enough keypoints in query image,0.0000
../data/raw/worms/extracted/20250318/image_00221.npy,Not enough keypoints in query image,0.0000
../data/raw/worms/extracted/20250318/image_00222.npy,Not enough keypoints in query image,0.0000
../data/raw/worms/extracted/20250318/image_00223.npy,Not enough keypoints in query image,0.0000
../data/raw/worms/extracted/20250318/image_00224.npy,Not enough keypoints in query image,0.0000
../data/raw/worms/extracted/20250318/image_00225.npy,Not enough keypoints in query image,0.0000
../data/raw/worms/extracted/20250318/image_00226.npy,Not enough keypoints in query image,0.0000
../data/raw/worms/extracted/20250318/image_00227.npy,Not enough keypoints in query image,0.0000
../data/raw/worms/extracted/20250318/image_00228.npy,Not enough keypoints in query image,0.0000
../data/raw/worms/extracted/20250318/image_00229.npy,Not enough keypoints in query image,0.0000
../data/raw/worms/extracted/20250318/image_00230.npy,Not enough keypoints in query image,0.0000
../data/raw/worms/extracted/20250318/image_00231.npy,Not enough keypoints in query image,0.0000
../data/raw/worms/extracted/20250318/image_00232.npy,Not enough keypoints in query image,0.0000
../data/raw/worms/extracted/20250318/image_00233.npy,Not enough keypoints in query image,0.0000
../data/raw/worms/extracted/20250318/image_00234.npy,Not enough keypoints in query image,0.0000
../data/raw/worms/extracted/20250318/image_00235.npy,Not enough keypoints in query image,0.0000
../data/raw/worms/extracted/20250318/image_00236.npy,Not enough keypoints in query image,0.0000
../data/raw/worms/extracted/20250318/image_00237.npy,Not enough keypoints in query image,0.0000
../data/raw/worms/extracted/20250318/image_00238.npy,Not enough keypoints in query image,0.0000
../data/raw/worms/extracted/20250318/image_00239.npy,Not enough keypoints in query image,0.0000
../data/raw/worms/extracted/20250318/image_00240.npy,Not enough keypoints in query image,0.0000
../data/raw/worms/extracted/20250318/image_00241.npy,Not enough keypoints in query image,0.0000
../data/raw/worms/extracted/20250318/image_00242.npy,Not enough keypoints in query image,0.0000
../data/raw/worms/extracted/20250318/image_00243.npy,Not enough keypoints in query image,0.0000
../data/raw/worms/extracted/20250318/image_00244.npy,Not enough keypoints in query image,0.0000
../data/raw/worms/extracted/20250318/image_00245.npy,Not enough keypoints in query image,0.0000
../data/raw/worms/extracted/20250318/image_00246.npy,Not enough keypoints in query image,0.0000
../data/raw/worms/extracted/20250318/image_00247.npy,Not enough keypoints in query image,0.0000
../data/raw/worms/extracted/20250318/image_00248.npy,Not enough keypoints in query image,0.0000
../data/raw/worms/extracted/20250318/image_00249.npy,Not enough keypoints in query image,0.0000
../data/raw/worms/extracted/20250318/image_00250.npy,Not enough keypoints in query image,0.0000
../data/raw/worms/extracted/20250318/image_00251.npy,Not enough keypoints in query image,0.0000
../data/raw/worms/extracted/20250318/image_00252.npy,Not enough keypoints in query image,0.0000
../data/raw/worms/extracted/20250318/image_00253.npy,Not enough keypoints in query image,0.0000
../data/raw/worms/extracted/20250318/image_00254.npy,Not enough keypoints in query image,0.0000
../data/raw/worms/extracted/20250318/image_00255.npy,Not enough keypoints in query image,0.0000
../data/raw/worms/extracted/20250318/image_00256.npy,Not enough keypoints in query image,0.0000
../data/raw/worms/extracted/20250318/image_00257.npy,Not enough keypoints in query image,0.0000
../data/raw/worms/extracted/20250318/image_00258.npy,Not enough keypoints in query image,0.0000
../data/raw/worms/extracted/20250318/image_00259.npy,Not enough keypoints in query image,0.0000
../data/raw/worms/extracted/20250318/image_00260.npy,Not enough keypoints in query image,0.0000
../data/raw/worms/extracted/20250318/image_00261.npy,Not enough keypoints in query image,0.0000
../data/raw/worms/extracted/20250318/image_00262.npy,Not enough keypoints in query image,0.0000
../data/raw/worms/extracted/20250318/image_00263.npy,Not enough keypoints in query image,0.0000
../data/raw/worms/extracted/20250318/image_00264.npy,Not enough keypoints in query image,0.0000
../data/raw/worms/extracted/20250318/image_00265.npy,Not enough keypoints in query image,0.0000
../data/raw/worms/extracted/20250318/image_00266.npy,Not enough keypoints in query image,0.0000
../data/raw/worms/extracted/20250318/image_00267.npy,Not enough keypoints in query image,0.0000
../data/raw/worms/extracted/20250318/image_00268.npy,Not enough keypoints in query image,0.0000
../data/raw/worms/extracted/20250318/image_00269.npy,Not enough keypoints in query image,0.0000
../data/raw/worms/extracted/20250318/image_00270.npy,Not enough keypoints in query image,0.0000
../data/raw/worms/extracted/20250318/image_00271.npy,Not enough keypoints in query image,0.0000
../data/raw/worms/extracted/20250318/image_00272.npy,Not enough keypoints in query image,0.0000
../data/raw/worms/extracted/20250318/image_00273.npy,Not enough keypoints in query image,0.0000
../data/raw/worms/extracted/20250318/image_00274.npy,Not enough keypoints in query image,0.0000
../data/raw/worms/extracted/20250318/image_00275.npy,Not enough keypoints in query image,0.0000
../data/raw/worms/extracted/20250318/image_00276.npy,Not enough keypoints in query image,0.0000
../data/raw/worms/extracted/20250318/image_00277.npy,Not enough keypoints in query image,0.0000
../data/raw/worms/extracted/20250318/image_00278.npy,Not enough keypoints in query image,0.0000
../data/raw/worms/extracted/20250318/image_00279.npy,Not enough keypoints in query image,0.0000
../data/raw/worms/extracted/20250318/image_00280.npy,Not enough keypoints in query image,0.0000
../data/raw/worms/extracted/20250318/image_00281.npy,Not enough keypoints in query image,0.0000
../data/raw/worms/extracted/20250318/image_00282.npy,Not enough keypoints in query image,0.0000
../data/raw/worms/extracted/20250318/image_00283.npy,Not enough keypoints in query image,0.0000
../data/raw/worms/extracted/20250318/image_00284.npy,Not enough keypoints in query image,0.0000
../data/raw/worms/extracted/20250318/image_00285.npy,Not enough keypoints in query image,0.0000
../data/raw/worms/extracted/20250318/image_00286.npy,Not enough keypoints in query image,0.0000
../data/raw/worms/extracted/20250318/image_00287.npy,Not enough keypoints in query image,0.0000
../data/raw/worms/extracted/20250318/image_00288.npy,Not enough keypoints in query image,0.0000
../data/raw/worms/extracted/20250318/image_00289.npy,Not enough keypoints in query image,0.0000
../data/raw/worms/extracted/20250318/image_00290.npy,Not enough keypoints in query image,0.0000
../data/raw/worms/extracted/20250318/image_00291.npy,Not enough keypoints in query image,0.0000
../data/raw/worms/extracted/20250318/image_00292.npy,Not enough keypoints in query image,0.0000
../data/raw/worms/extracted/20250318/image_00293.npy,Not enough keypoints in query image,0.0000
../data/raw/worms/extracted/20250318/image_00294.npy,Not enough keypoints in query image,0.0000
../data/raw/worms/extracted/20250318/image_00295.npy,Not enough keypoints in query image,0.0000
../data/raw/worms/extracted/20250318/image_00296.npy,Not enough keypoints in query image,0.0000
../data/raw/worms/extracted/20250318/image_00297.npy,Not enough keypoints in query image,0.0000
../data/raw/worms/extracted/20250318/image_00298.npy,Not enough keypoints in query image,0.0000
../data/raw/worms/extracted/20250318/image_00299.npy,Not enough keypoints in query image,0.0000
../data/raw/worms/extracted/20250318/image_00300.npy,Not enough keypoints in query image,0.0000
../data/raw/worms/extracted/20250318/image_00301.npy,Not enough keypoints in query image,0.0000
../data/raw/worms/extracted/20250318/image_00302.npy,Not enough keypoints in query image,0.0000
../data/raw/worms/extracted/20250318/image_00303.npy,Not enough keypoints in query image,0.0000
../data/raw/worms/extracted/20250318/image_00304.npy,Not enough keypoints in query image,0.0000
../data/raw/worms/extracted/20250318/image_00305.npy,Not enough keypoints in query image,0.0000
../data/raw/worms/extracted/20250318/image_00306.npy,Not enough keypoints in query image,0.0000
../data/raw/worms/extracted/20250318/image_00307.npy,Not enough keypoints in query image,0.0000
../data/raw/worms/extracted/20250318/image_00308.npy,Not enough keypoints in query image,0.0000
../data/raw/worms/extracted/20250318/image_00309.npy,Not enough keypoints in query image,0.0000
../data/raw/worms/extracted/20250318/image_00310.npy,Not enough keypoints in query image,0.0000
../data/raw/worms/extracted/20250318/image_00311.npy,Not enough keypoints in query image,0.0000
../data/raw/worms/extracted/20250318/image_00312.npy,Not enough keypoints in query image,0.0000
../data/raw/worms/extracted/20250318/image_00313.npy,Not enough keypoints in query image,0.0000
../data/raw/worms/extracted/20250318/image_00314.npy,Not enough keypoints in query image,0.0000
../data/raw/worms/extracted/20250318/image_00315.npy,Not enough keypoints in query image,0.0000
../data/raw/worms/extracted/20250318/image_00316.npy,Not enough keypoints in query image,0.0000
../data/raw/worms/extracted/20250318/image_00317.npy,Not enough keypoints in query image,0.0000
../data/raw/worms/extracted/20250318/image_00318.npy,Not enough keypoints in query image,0.0000
../data/raw/worms/extracted/20250318/image_00319.npy,Not enough keypoints in query image,0.0000
../data/raw/worms/extracted/20250318/image_00320.npy,Not enough keypoints in query image,0.0000
../data/raw/worms/extracted/20250318/image_00321.npy,Not enough keypoints in query image,0.0000
../data/raw/worms/extracted/20250318/image_00322.npy,Not enough keypoints in query image,0.0000
../data/raw/worms/extracted/20250318/image_00323.npy,Not enough keypoints in query image,0.0000
../data/raw/worms/extracted/20250318/image_00324.npy,Not enough keypoints in query image,0.0000
../data/raw/worms/extracted/20250318/image_00325.npy,Not enough keypoints in query image,0.0000
../data/raw/worms/extracted/20250318/image_00326.npy,Not enough keypoints in query image,0.0000
../data/raw/worms/extracted/20250318/image_00327.npy,Not enough keypoints in query image,0.0000
../data/raw/worms/extracted/20250318/image_00328.npy,Not enough keypoints in query image,0.0000
../data/raw/worms/extracted/20250318/image_00329.npy,Not enough keypoints in query image,0.0000
../data/raw/worms/extracted/20250318/image_00330.npy,Not enough keypoints in query image,0.0000
../data/raw/worms/extracted/20250318/image_00331.npy,Not enough keypoints in query image,0.0000
../data/raw/worms/extracted/20250318/image_00332.npy,Not enough keypoints in query image,0.0000
../data/raw/worms/extracted/20250318/image_00333.npy,Not enough keypoints in query image,0.0000
../data/raw/worms/extracted/20250318/image_00334.npy,Not enough keypoints in query image,0.0000
../data/raw/worms/extracted/20250318/image_00335.npy,Not enough keypoints in query image,0.0000
../data/raw/worms/extracted/20250318/image_00336.npy,Not enough keypoints in query image,0.0000
../data/raw/worms/extracted/20250318/image_00337.npy,Not enough keypoints in query image,0.0000
../data/raw/worms/extracted/20250318/image_00338.npy,Not enough keypoints in query image,0.0000
../data/raw/worms/extracted/20250318/image_00339.npy,Not enough keypoints in query image,0.0000
../data/raw/worms/extracted/20250318/image_00340.npy,Not enough keypoints in query image,0.0000
../data/raw/worms/extracted/20250318/image_00341.npy,Not enough keypoints in query image,0.0000
../data/raw/worms/extracted/20250318/image_00342.npy,Not enough keypoints in query image,0.0000
../data/raw/worms/extracted/20250318/image_00343.npy,Not enough keypoints in query image,0.0000
../data/raw/worms/extracted/20250318/image_00344.npy,Not enough keypoints in query image,0.0000
../data/raw/worms/extracted/20250318/image_00345.npy,Not enough keypoints in query image,0.0000
../data/raw/worms/extracted/20250318/image_00346.npy,Not enough keypoints in query image,0.0000
../data/raw/worms/extracted/20250318/image_00347.npy,Not enough keypoints in query image,0.0000
../data/raw/worms/extracted/20250318/image_00348.npy,Not enough keypoints in query image,0.0000
../data/raw/worms/extracted/20250318/image_00349.npy,Not enough keypoints in query image,0.0000
../data/raw/worms/extracted/20250318/image_00350.npy,Not enough keypoints in query image,0.0000
../data/raw/worms/extracted/20250318/image_00351.npy,Not enough keypoints in query image,0.0000
../data/raw/worms/extracted/20250318/image_00352.npy,Not enough keypoints in query image,0.0000
../data/raw/worms/extracted/20250318/image_00353.npy,Not enough keypoints in query image,0.0000
../data/raw/worms/extracted/20250318/image_00354.npy,Not enough keypoints in query image,0.0000
../data/raw/worms/extracted/20250318/image_00355.npy,Not enough keypoints in query image,0.0000
../data/raw/worms/extracted/20250318/image_00356.npy,Not enough keypoints in query image,0.0000
../data/raw/worms/extracted/20250318/image_00357.npy,Not enough keypoints in query image,0.0000
../data/raw/worms/extracted/20250318/image_00358.npy,Not enough keypoints in query image,0.0000
../data/raw/worms/extracted/20250318/image_00359.npy,Not enough keypoints in query image,0.0000
../data/raw/worms/extracted/20250318/image_00360.npy,Not enough keypoints in query image,0.0000
../data/raw/worms/extracted/20250318/image_00361.npy,Not enough keypoints in query image,0.0000
../data/raw/worms/extracted/20250318/image_00362.npy,Not enough keypoints in query image,0.0000
../data/raw/worms/extracted/20250318/image_00363.npy,Not enough keypoints in query image,0.0000
../data/raw/worms/extracted/20250318/image_00364.npy,Not enough keypoints in query image,0.0000
../data/raw/worms/extracted/20250318/image_00365.npy,Not enough keypoints in query image,0.0000
../data/raw/worms/extracted/20250318/image_00366.npy,Not enough keypoints in query image,0.0000
../data/raw/worms/extracted/20250318/image_00367.npy,Not enough keypoints in query image,0.0000
../data/raw/worms/extracted/20250318/image_00368.npy,Not enough keypoints in query image,0.0000
../data/raw/worms/extracted/20250318/image_00369.npy,Not enough keypoints in query image,0.0000
../data/raw/worms/extracted/20250318/image_00370.npy,Not enough keypoints in query image,0.0000
../data/raw/worms/extracted/20250318/image_00371.npy,Not enough keypoints in query image,0.0000
../data/raw/worms/extracted/20250318/image_00372.npy,Not enough keypoints in query image,0.0000
../data/raw/worms/extracted/20250318/image_00373.npy,Not enough keypoints in query image,0.0000
../data/raw/worms/extracted/20250318/image_00374.npy,Not enough keypoints in query image,0.0000
../data/raw/worms/extracted/20250318/image_00375.npy,Not enough keypoints in query image,0.0000
../data/raw/worms/extracted/20250318/image_00376.npy,Not enough keypoints in query image,0.0000
../data/raw/worms/extracted/20250318/image_00377.npy,Not enough keypoints in query image,0.0000
../data/raw/worms/extracted/20250318/image_00378.npy,Not enough keypoints in query image,0.0000
../data/raw/worms/extracted/20250318/image_00379.npy,Not enough keypoints in query image,0.0000
../data/raw/worms/extracted/20250318/image_00380.npy,Not enough keypoints in query image,0.0000
../data/raw/worms/extracted/20250318/image_00381.npy,Not enough keypoints in query image,0.0000
../data/raw/worms/extracted/20250318/image_00382.npy,Not enough keypoints in query image,0.0000
../data/raw/worms/extracted/20250318/image_00383.npy,Not enough keypoints in query image,0.0000
../data/raw/worms/extracted/20250318/image_00384.npy,Not enough keypoints in query image,0.0000
../data/raw/worms/extracted/20250318/image_00385.npy,Not enough keypoints in query image,0.0000
../data/raw/worms/extracted/20250318/image_00386.npy,Not enough keypoints in query image,0.0000
../data/raw/worms/extracted/20250318/image_00387.npy,Not enough keypoints in query image,0.0000
../data/raw/worms/extracted/20250318/image_00388.npy,Not enough keypoints in query image,0.0000
../data/raw/worms/extracted/20250318/image_00389.npy,Not enough keypoints in query image,0.0000
../data/raw/worms/extracted/20250318/image_00390.npy,Not enough keypoints in query image,0.0000
../data/raw/worms/extracted/20250318/image_00391.npy,Not enough keypoints in query image,0.0000
../data/raw/worms/extracted/20250318/image_00392.npy,Not enough keypoints in query image,0.0000
../data/raw/worms/extracted/20250318/image_00393.npy,Not enough keypoints in query image,0.0000
../data/raw/worms/extracted/20250318/image_00394.npy,Not enough keypoints in query image,0.0000
../data/raw/worms/extracted/20250318/image_00395.npy,Not enough keypoints in query image,0.0000
../data/raw/worms/extracted/20250318/image_00396.npy,Not enough keypoints in query image,0.0000
../data/raw/worms/extracted/20250318/image_00397.npy,Not enough keypoints in query image,0.0000
../data/raw/worms/extracted/20250318/image_00398.npy,Not enough keypoints in query image,0.0000
../data/raw/worms/extracted/20250318/image_00399.npy,Not enough keypoints in query image,0.0000
../data/raw/worms/extracted/20250318/image_00400.npy,Not enough keypoints in query image,0.0000
../data/raw/worms/extracted/20250318/image_00401.npy,Not enough keypoints in query image,0.0000
../data/raw/worms/extracted/20250318/image_00402.npy,Not enough keypoints in query image,0.0000
../data/raw/worms/extracted/20250318/image_00403.npy,Not enough keypoints in query image,0.0000
../data/raw/worms/extracted/20250318/image_00404.npy,Not enough keypoints in query image,0.0000
../data/raw/worms/extracted/20250318/image_00405.npy,Not enough keypoints in query image,0.0000
../data/raw/worms/extracted/20250318/image_00406.npy,Not enough keypoints in query image,0.0000
../data/raw/worms/extracted/20250318/image_00407.npy,Not enough keypoints in query image,0.0000
../data/raw/worms/extracted/20250318/image_00408.npy,Not enough keypoints in query image,0.0000
../data/raw/worms/extracted/20250318/image_00409.npy,Not enough keypoints in query image,0.0000
../data/raw/worms/extracted/20250318/image_00410.npy,Not enough keypoints in query image,0.0000
../data/raw/worms/extracted/20250318/image_00411.npy,Not enough keypoints in query image,0.0000
../data/raw/worms/extracted/20250318/image_00412.npy,Not enough keypoints in query image,0.0000
../data/raw/worms/extracted/20250318/image_00413.npy,Not enough keypoints in query image,0.0000
../data/raw/worms/extracted/20250318/image_00414.npy,Not enough keypoints in query image,0.0000
../data/raw/worms/extracted/20250318/image_00415.npy,Not enough keypoints in query image,0.0000
../data/raw/worms/extracted/20250318/image_00416.npy,Not enough keypoints in query image,0.0000
../data/raw/worms/extracted/20250318/image_00417.npy,Not enough keypoints in query image,0.0000
../data/raw/worms/extracted/20250318/image_00418.npy,Not enough keypoints in query image,0.0000
../data/raw/worms/extracted/20250318/image_00419.npy,Not enough keypoints in query image,0.0000
../data/raw/worms/extracted/20250318/image_00420.npy,Not enough keypoints in query image,0.0000
../data/raw/worms/extracted/20250318/image_00421.npy,Not enough keypoints in query image,0.0000
../data/raw/worms/extracted/20250318/image_00422.npy,Not enough keypoints in query image,0.0000
../data/raw/worms/extracted/20250318/image_00423.npy,Not enough keypoints in query image,0.0000
../data/raw/worms/extracted/20250318/image_00424.npy,Not enough keypoints in query image,0.0000
../data/raw/worms/extracted/20250318/image_00425.npy,Not enough keypoints in query image,0.0000
../data/raw/worms/extracted/20250318/image_00426.npy,Not enough keypoints in query image,0.0000
../data/raw/worms/extracted/20250318/image_00427.npy,Not enough keypoints in query image,0.0000
../data/raw/worms/extracted/20250318/image_00428.npy,Not enough keypoints in query image,0.0000
../data/raw/worms/extracted/20250318/image_00429.npy,Not enough keypoints in query image,0.0000
../data/raw/worms/extracted/20250318/image_00430.npy,Not enough keypoints in query image,0.0000
../data/raw/worms/extracted/20250318/image_00431.npy,Not enough keypoints in query image,0.0000
../data/raw/worms/extracted/20250318/image_00432.npy,Not enough keypoints in query image,0.0000
../data/raw/worms/extracted/20250318/image_00433.npy,Not enough keypoints in query image,0.0000
../data/raw/worms/extracted/20250318/image_00434.npy,Not enough keypoints in query image,0.0000
../data/raw/worms/extracted/20250318/image_00435.npy,Not enough keypoints in query image,0.0000
../data/raw/worms/extracted/20250318/image_00436.npy,Not enough keypoints in query image,0.0000
../data/raw/worms/extracted/20250318/image_00437.npy,Not enough keypoints in query image,0.0000
../data/raw/worms/extracted/20250318/image_00438.npy,Not enough keypoints in query image,0.0000
../data/raw/worms/extracted/20250318/image_00439.npy,Not enough keypoints in query image,0.0000
../data/raw/worms/extracted/20250318/image_00440.npy,Not enough keypoints in query image,0.0000
../data/raw/worms/extracted/20250318/image_00441.npy,Not enough keypoints in query image,0.0000
../data/raw/worms/extracted/20250318/image_00442.npy,Not enough keypoints in query image,0.0000
../data/raw/worms/extracted/20250318/image_00443.npy,Not enough keypoints in query image,0.0000
../data/raw/worms/extracted/20250318/image_00444.npy,Not enough keypoints in query image,0.0000
../data/raw/worms/extracted/20250318/image_00445.npy,Not enough keypoints in query image,0.0000
../data/raw/worms/extracted/20250318/image_00446.npy,Not enough keypoints in query image,0.0000
../data/raw/worms/extracted/20250318/image_00447.npy,Not enough keypoints in query image,0.0000
../data/raw/worms/extracted/20250318/image_00448.npy,Not enough keypoints in query image,0.0000
../data/raw/worms/extracted/20250318/image_00449.npy,Not enough keypoints in query image,0.0000
../data/raw/worms/extracted/20250318/image_00450.npy,Not enough keypoints in query image,0.0000
../data/raw/worms/extracted/20250318/image_00451.npy,Not enough keypoints in query image,0.0000
../data/raw/worms/extracted/20250318/image_00452.npy,Not enough keypoints in query image,0.0000
../data/raw/worms/extracted/20250318/image_00453.npy,Not enough keypoints in query image,0.0000
../data/raw/worms/extracted/20250318/image_00454.npy,Not enough keypoints in query image,0.0000
../data/raw/worms/extracted/20250318/image_00455.npy,Not enough keypoints in query image,0.0000
../data/raw/worms/extracted/20250318/image_00456.npy,Not enough keypoints in query image,0.0000
../data/raw/worms/extracted/20250318/image_00457.npy,Not enough keypoints in query image,0.0000
../data/raw/worms/extracted/20250318/image_00458.npy,Not enough keypoints in query image,0.0000
../data/raw/worms/extracted/20250318/image_00459.npy,Not enough keypoints in query image,0.0000
../data/raw/worms/extracted/20250318/image_00460.npy,Not enough keypoints in query image,0.0000
../data/raw/worms/extracted/20250318/image_00461.npy,Not enough keypoints in query image,0.0000
../data/raw/worms/extracted/20250318/image_00462.npy,Not enough keypoints in query image,0.0000
../data/raw/worms/extracted/20250318/image_00463.npy,Not enough keypoints in query image,0.0000
../data/raw/worms/extracted/20250318/image_00464.npy,Not enough keypoints in query image,0.0000
../data/raw/worms/extracted/20250318/image_00465.npy,Not enough keypoints in query image,0.0000
../data/raw/worms/extracted/20250318/image_00466.npy,Not enough keypoints in query image,0.0000
../data/raw/worms/extracted/20250318/image_00467.npy,Not enough keypoints in query image,0.0000
../data/raw/worms/extracted/20250318/image_00468.npy,Not enough keypoints in query image,0.0000
../data/raw/worms/extracted/20250318/image_00469.npy,Not enough keypoints in query image,0.0000
../data/raw/worms/extracted/20250318/image_00470.npy,Not enough keypoints in query image,0.0000
../data/raw/worms/extracted/20250318/image_00471.npy,Not enough keypoints in query image,0.0000
../data/raw/worms/extracted/20250318/image_00472.npy,Not enough keypoints in query image,0.0000
../data/raw/worms/extracted/20250318/image_00473.npy,Not enough keypoints in query image,0.0000
../data/raw/worms/extracted/20250318/image_00474.npy,Not enough keypoints in query image,0.0000
../data/raw/worms/extracted/20250318/image_00475.npy,Not enough keypoints in query image,0.0000
../data/raw/worms/extracted/20250318/image_00476.npy,Not enough keypoints in query image,0.0000
../data/raw/worms/extracted/20250318/image_00477.npy,Not enough keypoints in query image,0.0000
../data/raw/worms/extracted/20250318/image_00478.npy,Not enough keypoints in query image,0.0000
../data/raw/worms/extracted/20250318/image_00479.npy,Not enough keypoints in query image,0.0000
../data/raw/worms/extracted/20250318/image_00480.npy,Not enough keypoints in query image,0.0000
../data/raw/worms/extracted/20250318/image_00481.npy,Not enough keypoints in query image,0.0000
../data/raw/worms/extracted/20250318/image_00482.npy,Not enough keypoints in query image,0.0000
../data/raw/worms/extracted/20250318/image_00483.npy,Not enough keypoints in query image,0.0000
../data/raw/worms/extracted/20250318/image_00484.npy,Not enough keypoints in query image,0.0000
../data/raw/worms/extracted/20250318/image_00485.npy,Not enough keypoints in query image,0.0000
../data/raw/worms/extracted/20250318/image_00486.npy,Not enough keypoints in query image,0.0000
../data/raw/worms/extracted/20250318/image_00487.npy,Not enough keypoints in query image,0.0000
../data/raw/worms/extracted/20250318/image_00488.npy,Not enough keypoints in query image,0.0000
../data/raw/worms/extracted/20250318/image_00489.npy,Not enough keypoints in query image,0.0000
../data/raw/worms/extracted/20250318/image_00490.npy,Not enough keypoints in query image,0.0000
../data/raw/worms/extracted/20250318/image_00491.npy,Not enough keypoints in query image,0.0000
../data/raw/worms/extracted/20250318/image_00492.npy,Not enough keypoints in query image,0.0000
../data/raw/worms/extracted/20250318/image_00493.npy,Not enough keypoints in query image,0.0000
../data/raw/worms/extracted/20250318/image_00494.npy,Not enough keypoints in query image,0.0000
../data/raw/worms/extracted/20250318/image_00495.npy,Not enough keypoints in query image,0.0000
../data/raw/worms/extracted/20250318/image_00496.npy,Not enough keypoints in query image,0.0000
../data/raw/worms/extracted/20250318/image_00497.npy,Not enough keypoints in query image,0.0000
../data/raw/worms/extracted/20250318/image_00498.npy,Not enough keypoints in query image,0.0000
../data/raw/worms/extracted/20250318/image_00499.npy,Not enough keypoints in query image,0.0000
../data/raw/worms/extracted/20250318/image_00500.npy,Not enough keypoints in query image,0.0000
../data/raw/worms/extracted/20250318/image_00501.npy,Not enough keypoints in query image,0.0000
../data/raw/worms/extracted/20250318/image_00502.npy,Not enough keypoints in query image,0.0000
../data/raw/worms/extracted/20250318/image_00503.npy,Not enough keypoints in query image,0.0000
../data/raw/worms/extracted/20250318/image_00504.npy,Not enough keypoints in query image,0.0000
../data/raw/worms/extracted/20250318/image_00505.npy,Not enough keypoints in query image,0.0000
../data/raw/worms/extracted/20250318/image_00506.npy,Not enough keypoints in query image,0.0000
../data/raw/worms/extracted/20250318/image_00507.npy,Not enough keypoints in query image,0.0000
../data/raw/worms/extracted/20250318/image_00508.npy,Not enough keypoints in query image,0.0000
../data/raw/worms/extracted/20250318/image_00509.npy,Not enough keypoints in query image,0.0000
../data/raw/worms/extracted/20250318/image_00510.npy,Not enough keypoints in query image,0.0000
../data/raw/worms/extracted/20250318/image_00511.npy,Not enough keypoints in query image,0.0000
../data/raw/worms/extracted/20250318/image_00512.npy,Not enough keypoints in query image,0.0000
../data/raw/worms/extracted/20250318/image_00513.npy,Not enough keypoints in query image,0.0000
../data/raw/worms/extracted/20250318/image_00514.npy,Not enough keypoints in query image,0.0000
../data/raw/worms/extracted/20250318/image_00515.npy,Not enough keypoints in query image,0.0000
../data/raw/worms/extracted/20250318/image_00516.npy,Not enough keypoints in query image,0.0000
../data/raw/worms/extracted/20250318/image_00517.npy,Not enough keypoints in query image,0.0000
../data/raw/worms/extracted/20250318/image_00518.npy,Not enough keypoints in query image,0.0000
../data/raw/worms/extracted/20250318/image_00519.npy,Not enough keypoints in query image,0.0000
../data/raw/worms/extracted/20250318/image_00520.npy,Not enough keypoints in query image,0.0000
../data/raw/worms/extracted/20250318/image_00521.npy,Not enough keypoints in query image,0.0000
../data/raw/worms/extracted/20250318/image_00522.npy,Not enough keypoints in query image,0.0000
../data/raw/worms/extracted/20250318/image_00523.npy,Not enough keypoints in query image,0.0000
../data/raw/worms/extracted/20250318/image_00524.npy,Not enough keypoints in query image,0.0000
../data/raw/worms/extracted/20250318/image_00525.npy,Not enough keypoints in query image,0.0000
../data/raw/worms/extracted/20250318/image_00526.npy,Not enough keypoints in query image,0.0000
../data/raw/worms/extracted/20250318/image_00527.npy,Not enough keypoints in query image,0.0000
../data/raw/worms/extracted/20250318/image_00528.npy,Not enough keypoints in query image,0.0000
../data/raw/worms/extracted/20250318/image_00529.npy,Not enough keypoints in query image,0.0000
../data/raw/worms/extracted/20250318/image_00530.npy,Not enough keypoints in query image,0.0000
../data/raw/worms/extracted/20250318/image_00531.npy,Not enough keypoints in query image,0.0000
../data/raw/worms/extracted/20250318/image_00532.npy,Not enough keypoints in query image,0.0000
../data/raw/worms/extracted/20250318/image_00533.npy,Not enough keypoints in query image,0.0000
../data/raw/worms/extracted/20250318/image_00534.npy,Not enough keypoints in query image,0.0000
../data/raw/worms/extracted/20250318/image_00535.npy,Not enough keypoints in query image,0.0000
../data/raw/worms/extracted/20250318/image_00536.npy,Not enough keypoints in query image,0.0000
../data/raw/worms/extracted/20250318/image_00537.npy,Not enough keypoints in query image,0.0000
../data/raw/worms/extracted/20250318/image_00538.npy,Not enough keypoints in query image,0.0000
../data/raw/worms/extracted/20250318/image_00539.npy,Not enough keypoints in query image,0.0000
../data/raw/worms/extracted/20250318/image_00540.npy,Not enough keypoints in query image,0.0000
../data/raw/worms/extracted/20250318/image_00541.npy,Not enough keypoints in query image,0.0000
../data/raw/worms/extracted/20250318/image_00542.npy,Not enough keypoints in query image,0.0000
../data/raw/worms/extracted/20250318/image_00543.npy,Not enough keypoints in query image,0.0000
../data/raw/worms/extracted/20250318/image_00544.npy,Not enough keypoints in query image,0.0000
../data/raw/worms/extracted/20250318/image_00545.npy,Not enough keypoints in query image,0.0000
../data/raw/worms/extracted/20250318/image_00546.npy,Not enough keypoints in query image,0.0000
../data/raw/worms/extracted/20250318/image_00547.npy,Not enough keypoints in query image,0.0000
../data/raw/worms/extracted/20250318/image_00548.npy,Not enough keypoints in query image,0.0000
../data/raw/worms/extracted/20250318/image_00549.npy,Not enough keypoints in query image,0.0000
../data/raw/worms/extracted/20250318/image_00550.npy,Not enough keypoints in query image,0.0000
../data/raw/worms/extracted/20250318/image_00551.npy,Not enough keypoints in query image,0.0000
../data/raw/worms/extracted/20250318/image_00552.npy,Not enough keypoints in query image,0.0000
../data/raw/worms/extracted/20250318/image_00553.npy,Not enough keypoints in query image,0.0000
../data/raw/worms/extracted/20250318/image_00554.npy,Not enough keypoints in query image,0.0000
../data/raw/worms/extracted/20250318/image_00555.npy,Not enough keypoints in query image,0.0000
../data/raw/worms/extracted/20250318/image_00556.npy,Not enough keypoints in query image,0.0000
../data/raw/worms/extracted/20250318/image_00557.npy,Not enough keypoints in query image,0.0000
../data/raw/worms/extracted/20250318/image_00558.npy,Not enough keypoints in query image,0.0000
../data/raw/worms/extracted/20250318/image_00559.npy,Not enough keypoints in query image,0.0000
../data/raw/worms/extracted/20250318/image_00560.npy,Not enough keypoints in query image,0.0000
../data/raw/worms/extracted/20250318/image_00561.npy,Not enough keypoints in query image,0.0000
../data/raw/worms/extracted/20250318/image_00562.npy,Not enough keypoints in query image,0.0000
../data/raw/worms/extracted/20250318/image_00563.npy,Not enough keypoints in query image,0.0000
../data/raw/worms/extracted/20250318/image_00564.npy,Not enough keypoints in query image,0.0000
../data/raw/worms/extracted/20250318/image_00565.npy,Not enough keypoints in query image,0.0000
../data/raw/worms/extracted/20250318/image_00566.npy,Not enough keypoints in query image,0.0000
../data/raw/worms/extracted/20250318/image_00567.npy,Not enough keypoints in query image,0.0000
../data/raw/worms/extracted/20250318/image_00568.npy,Not enough keypoints in query image,0.0000
../data/raw/worms/extracted/20250318/image_00569.npy,Not enough keypoints in query image,0.0000
../data/raw/worms/extracted/20250318/image_00570.npy,Not enough keypoints in query image,0.0000
../data/raw/worms/extracted/20250318/image_00571.npy,Not enough keypoints in query image,0.0000
../data/raw/worms/extracted/20250318/image_00572.npy,Not enough keypoints in query image,0.0000
../data/raw/worms/extracted/20250318/image_00573.npy,Not enough keypoints in query image,0.0000
../data/raw/worms/extracted/20250318/image_00574.npy,Not enough keypoints in query image,0.0000
../data/raw/worms/extracted/20250318/image_00575.npy,Not enough keypoints in query image,0.0000
../data/raw/worms/extracted/20250318/image_00576.npy,Not enough keypoints in query image,0.0000
../data/raw/worms/extracted/20250318/image_00577.npy,Not enough keypoints in query image,0.0000
../data/raw/worms/extracted/20250318/image_00578.npy,Not enough keypoints in query image,0.0000
../data/raw/worms/extracted/20250318/image_00579.npy,Not enough keypoints in query image,0.0000
../data/raw/worms/extracted/20250318/image_00580.npy,Not enough keypoints in query image,0.0000
../data/raw/worms/extracted/20250318/image_00581.npy,Not enough keypoints in query image,0.0000
../data/raw/worms/extracted/20250318/image_00582.npy,Not enough keypoints in query image,0.0000
../data/raw/worms/extracted/20250318/image_00583.npy,Not enough keypoints in query image,0.0000
../data/raw/worms/extracted/20250318/image_00584.npy,Not enough keypoints in query image,0.0000
../data/raw/worms/extracted/20250318/image_00585.npy,Not enough keypoints in query image,0.0000
../data/raw/worms/extracted/20250318/image_00586.npy,Not enough keypoints in query image,0.0000
../data/raw/worms/extracted/20250318/image_00587.npy,Not enough keypoints in query image,0.0000
../data/raw/worms/extracted/20250318/image_00588.npy,Not enough keypoints in query image,0.0000
../data/raw/worms/extracted/20250318/image_00589.npy,Not enough keypoints in query image,0.0000
../data/raw/worms/extracted/20250318/image_00590.npy,Not enough keypoints in query image,0.0000
../data/raw/worms/extracted/20250318/image_00591.npy,Not enough keypoints in query image,0.0000
../data/raw/worms/extracted/20250318/image_00592.npy,Not enough keypoints in query image,0.0000
../data/raw/worms/extracted/20250318/image_00593.npy,Not enough keypoints in query image,0.0000
../data/raw/worms/extracted/20250318/image_00594.npy,Not enough keypoints in query image,0.0000
../data/raw/worms/extracted/20250318/image_00595.npy,Not enough keypoints in query image,0.0000
../data/raw/worms/extracted/20250318/image_00596.npy,Not enough keypoints in query image,0.0000
../data/raw/worms/extracted/20250318/image_00597.npy,Not enough keypoints in query image,0.0000
../data/raw/worms/extracted/20250318/image_00598.npy,Not enough keypoints in query image,0.0000
../data/raw/worms/extracted/20250318/image_00599.npy,Not enough keypoints in query image,0.0000
../data/raw/worms/extracted/20250318/image_00600.npy,Not enough keypoints in query image,0.0000
../data/raw/worms/extracted/20250318/image_00601.npy,Not enough keypoints in query image,0.0000
../data/raw/worms/extracted/20250318/image_00602.npy,Not enough keypoints in query image,0.0000
../data/raw/worms/extracted/20250318/image_00603.npy,Not enough keypoints in query image,0.0000
../data/raw/worms/extracted/20250318/image_00604.npy,Not enough keypoints in query image,0.0000
../data/raw/worms/extracted/20250318/image_00605.npy,Not enough keypoints in query image,0.0000
../data/raw/worms/extracted/20250318/image_00606.npy,Not enough keypoints in query image,0.0000
../data/raw/worms/extracted/20250318/image_00607.npy,Not enough keypoints in query image,0.0000
../data/raw/worms/extracted/20250318/image_00608.npy,Not enough keypoints in query image,0.0000
../data/raw/worms/extracted/20250318/image_00609.npy,Not enough keypoints in query image,0.0000
../data/raw/worms/extracted/20250318/image_00610.npy,Not enough keypoints in query image,0.0000
../data/raw/worms/extracted/20250318/image_00611.npy,Not enough keypoints in query image,0.0000
../data/raw/worms/extracted/20250318/image_00612.npy,Not enough keypoints in query image,0.0000
../data/raw/worms/extracted/20250318/image_00613.npy,Not enough keypoints in query image,0.0000
../data/raw/worms/extracted/20250318/image_00614.npy,Not enough keypoints in query image,0.0000
../data/raw/worms/extracted/20250318/image_00615.npy,Not enough keypoints in query image,0.0000
../data/raw/worms/extracted/20250318/image_00616.npy,Not enough keypoints in query image,0.0000
../data/raw/worms/extracted/20250318/image_00617.npy,Not enough keypoints in query image,0.0000
../data/raw/worms/extracted/20250318/image_00618.npy,Not enough keypoints in query image,0.0000
../data/raw/worms/extracted/20250318/image_00619.npy,Not enough keypoints in query image,0.0000
../data/raw/worms/extracted/20250318/image_00620.npy,Not enough keypoints in query image,0.0000
../data/raw/worms/extracted/20250318/image_00621.npy,Not enough keypoints in query image,0.0000
../data/raw/worms/extracted/20250318/image_00622.npy,Not enough keypoints in query image,0.0000
../data/raw/worms/extracted/20250318/image_00623.npy,Not enough keypoints in query image,0.0000
../data/raw/worms/extracted/20250318/image_00624.npy,Not enough keypoints in query image,0.0000
../data/raw/worms/extracted/20250318/image_00625.npy,Not enough keypoints in query image,0.0000
../data/raw/worms/extracted/20250318/image_00626.npy,Not enough keypoints in query image,0.0000
../data/raw/worms/extracted/20250318/image_00627.npy,Not enough keypoints in query image,0.0000
../data/raw/worms/extracted/20250318/image_00628.npy,Not enough keypoints in query image,0.0000
../data/raw/worms/extracted/20250318/image_00629.npy,Not enough keypoints in query image,0.0000
../data/raw/worms/extracted/20250318/image_00630.npy,Not enough keypoints in query image,0.0000
../data/raw/worms/extracted/20250318/image_00631.npy,Not enough keypoints in query image,0.0000
../data/raw/worms/extracted/20250318/image_00632.npy,Not enough keypoints in query image,0.0000
../data/raw/worms/extracted/20250318/image_00633.npy,Not enough keypoints in query image,0.0000
../data/raw/worms/extracted/20250318/image_00634.npy,Not enough keypoints in query image,0.0000
../data/raw/worms/extracted/20250318/image_00635.npy,Not enough keypoints in query image,0.0000
../data/raw/worms/extracted/20250318/image_00636.npy,Not enough keypoints in query image,0.0000
../data/raw/worms/extracted/20250318/image_00637.npy,Not enough keypoints in query image,0.0000
../data/raw/worms/extracted/20250318/image_00638.npy,Not enough keypoints in query image,0.0000
../data/raw/worms/extracted/20250318/image_00639.npy,Not enough keypoints in query image,0.0000
../data/raw/worms/extracted/20250318/image_00640.npy,Not enough keypoints in query image,0.0000
../data/raw/worms/extracted/20250318/image_00641.npy,Not enough keypoints in query image,0.0000
../data/raw/worms/extracted/20250318/image_00642.npy,Not enough keypoints in query image,0.0000
../data/raw/worms/extracted/20250318/image_00643.npy,Not enough keypoints in query image,0.0000
../data/raw/worms/extracted/20250318/image_00644.npy,Not enough keypoints in query image,0.0000
../data/raw/worms/extracted/20250318/image_00645.npy,Not enough keypoints in query image,0.0000
../data/raw/worms/extracted/20250318/image_00646.npy,Not enough keypoints in query image,0.0000
../data/raw/worms/extracted/20250318/image_00647.npy,Not enough keypoints in query image,0.0000
../data/raw/worms/extracted/20250318/image_00648.npy,Not enough keypoints in query image,0.0000
../data/raw/worms/extracted/20250318/image_00649.npy,Not enough keypoints in query image,0.0000
../data/raw/worms/extracted/20250318/image_00650.npy,Not enough keypoints in query image,0.0000
../data/raw/worms/extracted/20250318/image_00651.npy,Not enough keypoints in query image,0.0000
../data/raw/worms/extracted/20250318/image_00652.npy,Not enough keypoints in query image,0.0000
../data/raw/worms/extracted/20250318/image_00653.npy,Not enough keypoints in query image,0.0000
../data/raw/worms/extracted/20250318/image_00654.npy,Not enough keypoints in query image,0.0000
../data/raw/worms/extracted/20250318/image_00655.npy,Not enough keypoints in query image,0.0000
../data/raw/worms/extracted/20250318/image_00656.npy,Not enough keypoints in query image,0.0000
../data/raw/worms/extracted/20250318/image_00657.npy,Not enough keypoints in query image,0.0000
../data/raw/worms/extracted/20250318/image_00658.npy,Not enough keypoints in query image,0.0000
../data/raw/worms/extracted/20250318/image_00659.npy,Not enough keypoints in query image,0.0000
../data/raw/worms/extracted/20250318/image_00660.npy,Not enough keypoints in query image,0.0000
../data/raw/worms/extracted/20250318/image_00661.npy,Not enough keypoints in query image,0.0000
../data/raw/worms/extracted/20250318/image_00662.npy,Not enough keypoints in query image,0.0000
../data/raw/worms/extracted/20250318/image_00663.npy,Not enough keypoints in query image,0.0000
../data/raw/worms/extracted/20250318/image_00664.npy,Not enough keypoints in query image,0.0000
../data/raw/worms/extracted/20250318/image_00665.npy,Not enough keypoints in query image,0.0000
../data/raw/worms/extracted/20250318/image_00666.npy,Not enough keypoints in query image,0.0000
../data/raw/worms/extracted/20250318/image_00667.npy,Not enough keypoints in query image,0.0000
../data/raw/worms/extracted/20250318/image_00668.npy,Not enough keypoints in query image,0.0000
../data/raw/worms/extracted/20250318/image_00669.npy,Not enough keypoints in query image,0.0000
../data/raw/worms/extracted/20250318/image_00670.npy,Not enough keypoints in query image,0.0000
../data/raw/worms/extracted/20250318/image_00671.npy,Not enough keypoints in query image,0.0000
../data/raw/worms/extracted/20250318/image_00672.npy,Not enough keypoints in query image,0.0000
../data/raw/worms/extracted/20250318/image_00673.npy,Not enough keypoints in query image,0.0000
../data/raw/worms/extracted/20250318/image_00674.npy,Not enough keypoints in query image,0.0000
../data/raw/worms/extracted/20250318/image_00675.npy,Not enough keypoints in query image,0.0000
../data/raw/worms/extracted/20250318/image_00676.npy,Not enough keypoints in query image,0.0000
../data/raw/worms/extracted/20250318/image_00677.npy,Not enough keypoints in query image,0.0000
../data/raw/worms/extracted/20250318/image_00678.npy,Not enough keypoints in query image,0.0000
../data/raw/worms/extracted/20250318/image_00679.npy,Not enough keypoints in query image,0.0000
../data/raw/worms/extracted/20250318/image_00680.npy,Not enough keypoints in query image,0.0000
../data/raw/worms/extracted/20250318/image_00681.npy,Not enough keypoints in query image,0.0000
../data/raw/worms/extracted/20250318/image_00682.npy,Not enough keypoints in query image,0.0000
../data/raw/worms/extracted/20250318/image_00683.npy,Not enough keypoints in query image,0.0000
../data/raw/worms/extracted/20250318/image_00684.npy,Not enough keypoints in query image,0.0000
../data/raw/worms/extracted/20250318/image_00685.npy,Not enough keypoints in query image,0.0000
../data/raw/worms/extracted/20250318/image_00686.npy,Not enough keypoints in query image,0.0000
../data/raw/worms/extracted/20250318/image_00687.npy,Not enough keypoints in query image,0.0000
../data/raw/worms/extracted/20250318/image_00688.npy,Not enough keypoints in query image,0.0000
../data/raw/worms/extracted/20250318/image_00689.npy,Not enough keypoints in query image,0.0000
../data/raw/worms/extracted/20250318/image_00690.npy,Not enough keypoints in query image,0.0000
../data/raw/worms/extracted/20250318/image_00691.npy,Not enough keypoints in query image,0.0000
../data/raw/worms/extracted/20250318/image_00692.npy,Not enough keypoints in query image,0.0000
../data/raw/worms/extracted/20250318/image_00693.npy,Not enough keypoints in query image,0.0000
../data/raw/worms/extracted/20250318/image_00694.npy,Not enough keypoints in query image,0.0000
../data/raw/worms/extracted/20250318/image_00695.npy,Not enough keypoints in query image,0.0000
../data/raw/worms/extracted/20250318/image_00696.npy,Not enough keypoints in query image,0.0000
../data/raw/worms/extracted/20250318/image_00697.npy,Not enough keypoints in query image,0.0000
../data/raw/worms/extracted/20250318/image_00698.npy,Not enough keypoints in query image,0.0000
../data/raw/worms/extracted/20250318/image_00699.npy,Not enough keypoints in query image,0.0000
../data/raw/worms/extracted/20250318/image_00700.npy,Not enough keypoints in query image,0.0000
../data/raw/worms/extracted/20250318/image_00701.npy,Not enough keypoints in query image,0.0000
../data/raw/worms/extracted/20250318/image_00702.npy,Not enough keypoints in query image,0.0000
../data/raw/worms/extracted/20250318/image_00703.npy,Not enough keypoints in query image,0.0000
../data/raw/worms/extracted/20250318/image_00704.npy,Not enough keypoints in query image,0.0000
../data/raw/worms/extracted/20250318/image_00705.npy,Not enough keypoints in query image,0.0000
../data/raw/worms/extracted/20250318/image_00706.npy,Not enough keypoints in query image,0.0000
../data/raw/worms/extracted/20250318/image_00707.npy,Not enough keypoints in query image,0.0000
../data/raw/worms/extracted/20250318/image_00708.npy,Not enough keypoints in query image,0.0000
../data/raw/worms/extracted/20250318/image_00709.npy,Not enough keypoints in query image,0.0000
../data/raw/worms/extracted/20250318/image_00710.npy,Not enough keypoints in query image,0.0000
../data/raw/worms/extracted/20250318/image_00711.npy,Not enough keypoints in query image,0.0000
../data/raw/worms/extracted/20250318/image_00712.npy,Not enough keypoints in query image,0.0000
../data/raw/worms/extracted/20250318/image_00713.npy,Not enough keypoints in query image,0.0000
../data/raw/worms/extracted/20250318/image_00714.npy,Not enough keypoints in query image,0.0000
../data/raw/worms/extracted/20250318/image_00715.npy,Not enough keypoints in query image,0.0000
../data/raw/worms/extracted/20250318/image_00716.npy,Not enough keypoints in query image,0.0000
../data/raw/worms/extracted/20250318/image_00717.npy,Not enough keypoints in query image,0.0000
../data/raw/worms/extracted/20250318/image_00718.npy,Not enough keypoints in query image,0.0000
../data/raw/worms/extracted/20250318/image_00719.npy,Not enough keypoints in query image,0.0000
../data/raw/worms/extracted/20250318/image_00720.npy,Not enough keypoints in query image,0.0000
../data/raw/worms/extracted/20250318/image_00721.npy,Not enough keypoints in query image,0.0000
../data/raw/worms/extracted/20250318/image_00722.npy,Not enough keypoints in query image,0.0000
../data/raw/worms/extracted/20250318/image_00723.npy,Not enough keypoints in query image,0.0000
../data/raw/worms/extracted/20250318/image_00724.npy,Not enough keypoints in query image,0.0000
../data/raw/worms/extracted/20250318/image_00725.npy,Not enough keypoints in query image,0.0000
../data/raw/worms/extracted/20250318/image_00726.npy,Not enough keypoints in query image,0.0000
../data/raw/worms/extracted/20250318/image_00727.npy,Not enough keypoints in query image,0.0000
../data/raw/worms/extracted/20250318/image_00728.npy,Not enough keypoints in query image,0.0000
../data/raw/worms/extracted/20250318/image_00729.npy,Not enough keypoints in query image,0.0000
../data/raw/worms/extracted/20250318/image_00730.npy,Not enough keypoints in query image,0.0000
../data/raw/worms/extracted/20250318/image_00731.npy,Not enough keypoints in query image,0.0000
../data/raw/worms/extracted/20250318/image_00732.npy,Not enough keypoints in query image,0.0000
../data/raw/worms/extracted/20250318/image_00733.npy,Not enough keypoints in query image,0.0000
../data/raw/worms/extracted/20250318/image_00734.npy,Not enough keypoints in query image,0.0000
../data/raw/worms/extracted/20250318/image_00735.npy,Not enough keypoints in query image,0.0000
../data/raw/worms/extracted/20250318/image_00736.npy,Not enough keypoints in query image,0.0000
../data/raw/worms/extracted/20250318/image_00737.npy,Not enough keypoints in query image,0.0000
../data/raw/worms/extracted/20250318/image_00738.npy,Not enough keypoints in query image,0.0000
../data/raw/worms/extracted/20250318/image_00739.npy,Not enough keypoints in query image,0.0000
../data/raw/worms/extracted/20250318/image_00740.npy,Not enough keypoints in query image,0.0000
../data/raw/worms/extracted/20250318/image_00741.npy,Not enough keypoints in query image,0.0000
../data/raw/worms/extracted/20250318/image_00742.npy,Not enough keypoints in query image,0.0000
../data/raw/worms/extracted/20250318/image_00743.npy,Not enough keypoints in query image,0.0000
../data/raw/worms/extracted/20250318/image_00744.npy,Not enough keypoints in query image,0.0000
../data/raw/worms/extracted/20250318/image_00745.npy,Not enough keypoints in query image,0.0000
../data/raw/worms/extracted/20250318/image_00746.npy,Not enough keypoints in query image,0.0000
../data/raw/worms/extracted/20250318/image_00747.npy,Not enough keypoints in query image,0.0000
../data/raw/worms/extracted/20250318/image_00748.npy,Not enough keypoints in query image,0.0000
../data/raw/worms/extracted/20250318/image_00749.npy,Not enough keypoints in query image,0.0000
../data/raw/worms/extracted/20250318/image_00750.npy,Not enough keypoints in query image,0.0000
../data/raw/worms/extracted/20250318/image_00751.npy,Not enough keypoints in query image,0.0000
../data/raw/worms/extracted/20250318/image_00752.npy,Not enough keypoints in query image,0.0000
../data/raw/worms/extracted/20250318/image_00753.npy,Not enough keypoints in query image,0.0000
../data/raw/worms/extracted/20250318/image_00754.npy,Not enough keypoints in query image,0.0000
../data/raw/worms/extracted/20250318/image_00755.npy,Not enough keypoints in query image,0.0000
../data/raw/worms/extracted/20250318/image_00756.npy,Not enough keypoints in query image,0.0000
../data/raw/worms/extracted/20250318/image_00757.npy,Not enough keypoints in query image,0.0000
../data/raw/worms/extracted/20250318/image_00758.npy,Not enough keypoints in query image,0.0000
../data/raw/worms/extracted/20250318/image_00759.npy,Not enough keypoints in query image,0.0000
../data/raw/worms/extracted/20250318/image_00760.npy,Not enough keypoints in query image,0.0000
../data/raw/worms/extracted/20250318/image_00761.npy,Not enough keypoints in query image,0.0000
../data/raw/worms/extracted/20250318/image_00762.npy,Not enough keypoints in query image,0.0000
../data/raw/worms/extracted/20250318/image_00763.npy,Not enough keypoints in query image,0.0000
../data/raw/worms/extracted/20250318/image_00764.npy,Not enough keypoints in query image,0.0000
../data/raw/worms/extracted/20250318/image_00765.npy,Not enough keypoints in query image,0.0000
../data/raw/worms/extracted/20250318/image_00766.npy,Not enough keypoints in query image,0.0000
../data/raw/worms/extracted/20250318/image_00767.npy,Not enough keypoints in query image,0.0000
../data/raw/worms/extracted/20250318/image_00768.npy,Not enough keypoints in query image,0.0000
../data/raw/worms/extracted/20250318/image_00769.npy,Not enough keypoints in query image,0.0000
../data/raw/worms/extracted/20250318/image_00770.npy,Not enough keypoints in query image,0.0000
../data/raw/worms/extracted/20250318/image_00771.npy,Not enough keypoints in query image,0.0000
../data/raw/worms/extracted/20250318/image_00772.npy,Not enough keypoints in query image,0.0000
../data/raw/worms/extracted/20250318/image_00773.npy,Not enough keypoints in query image,0.0000
../data/raw/worms/extracted/20250318/image_00774.npy,Not enough keypoints in query image,0.0000
../data/raw/worms/extracted/20250318/image_00775.npy,Not enough keypoints in query image,0.0000
../data/raw/worms/extracted/20250318/image_00776.npy,Not enough keypoints in query image,0.0000
../data/raw/worms/extracted/20250318/image_00777.npy,Not enough keypoints in query image,0.0000
../data/raw/worms/extracted/20250318/image_00778.npy,Not enough keypoints in query image,0.0000
../data/raw/worms/extracted/20250318/image_00779.npy,Not enough keypoints in query image,0.0000
../data/raw/worms/extracted/20250318/image_00780.npy,Not enough keypoints in query image,0.0000
../data/raw/worms/extracted/20250318/image_00781.npy,Not enough keypoints in query image,0.0000
../data/raw/worms/extracted/20250318/image_00782.npy,Not enough keypoints in query image,0.0000
../data/raw/worms/extracted/20250318/image_00783.npy,Not enough keypoints in query image,0.0000
../data/raw/worms/extracted/20250318/image_00784.npy,Not enough keypoints in query image,0.0000
../data/raw/worms/extracted/20250318/image_00785.npy,Not enough keypoints in query image,0.0000
../data/raw/worms/extracted/20250318/image_00786.npy,Not enough keypoints in query image,0.0000
../data/raw/worms/extracted/20250318/image_00787.npy,Not enough keypoints in query image,0.0000
../data/raw/worms/extracted/20250318/image_00788.npy,Not enough keypoints in query image,0.0000
../data/raw/worms/extracted/20250318/image_00789.npy,Not enough keypoints in query image,0.0000
../data/raw/worms/extracted/20250318/image_00790.npy,Not enough keypoints in query image,0.0000
../data/raw/worms/extracted/20250318/image_00791.npy,Not enough keypoints in query image,0.0000
../data/raw/worms/extracted/20250318/image_00792.npy,Not enough keypoints in query image,0.0000
../data/raw/worms/extracted/20250318/image_00793.npy,Not enough keypoints in query image,0.0000
../data/raw/worms/extracted/20250318/image_00794.npy,Not enough keypoints in query image,0.0000
../data/raw/worms/extracted/20250318/image_00795.npy,Not enough keypoints in query image,0.0000
../data/raw/worms/extracted/20250318/image_00796.npy,Not enough keypoints in query image,0.0000
../data/raw/worms/extracted/20250318/image_00797.npy,Not enough keypoints in query image,0.0000
../data/raw/worms/extracted/20250318/image_00798.npy,Not enough keypoints in query image,0.0000
../data/raw/worms/extracted/20250318/image_00799.npy,Not enough keypoints in query image,0.0000
../data/raw/worms/extracted/20250318/image_00800.npy,Not enough keypoints in query image,0.0000
../data/raw/worms/extracted/20250318/image_00801.npy,Not enough keypoints in query image,0.0000
../data/raw/worms/extracted/20250318/image_00802.npy,Not enough keypoints in query image,0.0000
../data/raw/worms/extracted/20250318/image_00803.npy,Not enough keypoints in query image,0.0000
../data/raw/worms/extracted/20250318/image_00804.npy,Not enough keypoints in query image,0.0000
../data/raw/worms/extracted/20250318/image_00805.npy,Not enough keypoints in query image,0.0000
../data/raw/worms/extracted/20250318/image_00806.npy,Not enough keypoints in query image,0.0000
../data/raw/worms/extracted/20250318/image_00807.npy,Not enough keypoints in query image,0.0000
../data/raw/worms/extracted/20250318/image_00808.npy,Not enough keypoints in query image,0.0000
../data/raw/worms/extracted/20250318/image_00809.npy,Not enough keypoints in query image,0.0000
../data/raw/worms/extracted/20250318/image_00810.npy,Not enough keypoints in query image,0.0000
../data/raw/worms/extracted/20250318/image_00811.npy,Not enough keypoints in query image,0.0000
../data/raw/worms/extracted/20250318/image_00812.npy,Not enough keypoints in query image,0.0000
../data/raw/worms/extracted/20250318/image_00813.npy,Not enough keypoints in query image,0.0000
../data/raw/worms/extracted/20250318/image_00814.npy,Not enough keypoints in query image,0.0000
../data/raw/worms/extracted/20250318/image_00815.npy,Not enough keypoints in query image,0.0000
../data/raw/worms/extracted/20250318/image_00816.npy,Not enough keypoints in query image,0.0000
../data/raw/worms/extracted/20250318/image_00817.npy,Not enough keypoints in query image,0.0000
../data/raw/worms/extracted/20250318/image_00818.npy,Not enough keypoints in query image,0.0000
../data/raw/worms/extracted/20250318/image_00819.npy,Not enough keypoints in query image,0.0000
../data/raw/worms/extracted/20250318/image_00820.npy,Not enough keypoints in query image,0.0000
../data/raw/worms/extracted/20250318/image_00821.npy,Not enough keypoints in query image,0.0000
../data/raw/worms/extracted/20250318/image_00822.npy,Not enough keypoints in query image,0.0000
../data/raw/worms/extracted/20250318/image_00823.npy,Not enough keypoints in query image,0.0000
../data/raw/worms/extracted/20250318/image_00824.npy,Not enough keypoints in query image,0.0000
../data/raw/worms/extracted/20250318/image_00825.npy,Not enough keypoints in query image,0.0000
../data/raw/worms/extracted/20250318/image_00826.npy,Not enough keypoints in query image,0.0000
../data/raw/worms/extracted/20250318/image_00827.npy,Not enough keypoints in query image,0.0000
../data/raw/worms/extracted/20250318/image_00828.npy,Not enough keypoints in query image,0.0000
../data/raw/worms/extracted/20250318/image_00829.npy,Not enough keypoints in query image,0.0000
../data/raw/worms/extracted/20250318/image_00830.npy,Not enough keypoints in query image,0.0000
../data/raw/worms/extracted/20250318/image_00831.npy,Not enough keypoints in query image,0.0000
../data/raw/worms/extracted/20250318/image_00832.npy,Not enough keypoints in query image,0.0000
../data/raw/worms/extracted/20250318/image_00833.npy,Not enough keypoints in query image,0.0000
../data/raw/worms/extracted/20250318/image_00834.npy,Not enough keypoints in query image,0.0000
../data/raw/worms/extracted/20250318/image_00835.npy,Not enough keypoints in query image,0.0000
../data/raw/worms/extracted/20250318/image_00836.npy,Not enough keypoints in query image,0.0000
../data/raw/worms/extracted/20250318/image_00837.npy,Not enough keypoints in query image,0.0000
../data/raw/worms/extracted/20250318/image_00838.npy,Not enough keypoints in query image,0.0000
../data/raw/worms/extracted/20250318/image_00839.npy,Not enough keypoints in query image,0.0000
../data/raw/worms/extracted/20250318/image_00840.npy,Not enough keypoints in query image,0.0000
../data/raw/worms/extracted/20250318/image_00841.npy,Not enough keypoints in query image,0.0000
../data/raw/worms/extracted/20250318/image_00842.npy,Not enough keypoints in query image,0.0000
../data/raw/worms/extracted/20250318/image_00843.npy,Not enough keypoints in query image,0.0000
../data/raw/worms/extracted/20250318/image_00844.npy,Not enough keypoints in query image,0.0000
../data/raw/worms/extracted/20250318/image_00845.npy,Not enough keypoints in query image,0.0000
../data/raw/worms/extracted/20250318/image_00846.npy,Not enough keypoints in query image,0.0000
../data/raw/worms/extracted/20250318/image_00847.npy,Not enough keypoints in query image,0.0000
../data/raw/worms/extracted/20250318/image_00848.npy,Not enough keypoints in query image,0.0000
../data/raw/worms/extracted/20250318/image_00849.npy,Not enough keypoints in query image,0.0000
../data/raw/worms/extracted/20250318/image_00850.npy,Not enough keypoints in query image,0.0000
../data/raw/worms/extracted/20250318/image_00851.npy,Not enough keypoints in query image,0.0000
../data/raw/worms/extracted/20250318/image_00852.npy,Not enough keypoints in query image,0.0000
../data/raw/worms/extracted/20250318/image_00853.npy,Not enough keypoints in query image,0.0000
../data/raw/worms/extracted/20250318/image_00854.npy,Not enough keypoints in query image,0.0000
../data/raw/worms/extracted/20250318/image_00855.npy,Not enough keypoints in query image,0.0000
../data/raw/worms/extracted/20250318/image_00856.npy,Not enough keypoints in query image,0.0000
../data/raw/worms/extracted/20250318/image_00857.npy,Not enough keypoints in query image,0.0000
../data/raw/worms/extracted/20250318/image_00858.npy,Not enough keypoints in query image,0.0000
../data/raw/worms/extracted/20250318/image_00859.npy,Not enough keypoints in query image,0.0000
../data/raw/worms/extracted/20250318/image_00860.npy,Not enough keypoints in query image,0.0000
../data/raw/worms/extracted/20250318/image_00861.npy,Not enough keypoints in query image,0.0000
../data/raw/worms/extracted/20250318/image_00862.npy,Not enough keypoints in query image,0.0000
../data/raw/worms/extracted/20250318/image_00863.npy,Not enough keypoints in query image,0.0000
../data/raw/worms/extracted/20250318/image_00864.npy,Not enough keypoints in query image,0.0000
../data/raw/worms/extracted/20250318/image_00865.npy,Not enough keypoints in query image,0.0000
../data/raw/worms/extracted/20250318/image_00866.npy,Not enough keypoints in query image,0.0000
../data/raw/worms/extracted/20250318/image_00867.npy,Not enough keypoints in query image,0.0000
../data/raw/worms/extracted/20250318/image_00868.npy,Not enough keypoints in query image,0.0000
../data/raw/worms/extracted/20250318/image_00869.npy,Not enough keypoints in query image,0.0000
../data/raw/worms/extracted/20250318/image_00870.npy,Not enough keypoints in query image,0.0000
../data/raw/worms/extracted/20250318/image_00871.npy,Not enough keypoints in query image,0.0000
../data/raw/worms/extracted/20250318/image_00872.npy,Not enough keypoints in query image,0.0000
../data/raw/worms/extracted/20250318/image_00873.npy,Not enough keypoints in query image,0.0000
../data/raw/worms/extracted/20250318/image_00874.npy,Not enough keypoints in query image,0.0000
../data/raw/worms/extracted/20250318/image_00875.npy,Not enough keypoints in query image,0.0000
../data/raw/worms/extracted/20250318/image_00876.npy,Not enough keypoints in query image,0.0000
../data/raw/worms/extracted/20250318/image_00877.npy,Not enough keypoints in query image,0.0000
../data/raw/worms/extracted/20250318/image_00878.npy,Not enough keypoints in query image,0.0000
../data/raw/worms/extracted/20250318/image_00879.npy,Not enough keypoints in query image,0.0000
../data/raw/worms/extracted/20250318/image_00880.npy,Not enough keypoints in query image,0.0000
../data/raw/worms/extracted/20250318/image_00881.npy,Not enough keypoints in query image,0.0000
../data/raw/worms/extracted/20250318/image_00882.npy,Not enough keypoints in query image,0.0000
../data/raw/worms/extracted/20250318/image_00883.npy,Not enough keypoints in query image,0.0000
../data/raw/worms/extracted/20250318/image_00884.npy,Not enough keypoints in query image,0.0000
../data/raw/worms/extracted/20250318/image_00885.npy,Not enough keypoints in query image,0.0000
../data/raw/worms/extracted/20250318/image_00886.npy,Not enough keypoints in query image,0.0000
../data/raw/worms/extracted/20250318/image_00887.npy,Not enough keypoints in query image,0.0000
../data/raw/worms/extracted/20250318/image_00888.npy,Not enough keypoints in query image,0.0000
../data/raw/worms/extracted/20250318/image_00889.npy,Not enough keypoints in query image,0.0000
../data/raw/worms/extracted/20250318/image_00890.npy,Not enough keypoints in query image,0.0000
../data/raw/worms/extracted/20250318/image_00891.npy,Not enough keypoints in query image,0.0000
../data/raw/worms/extracted/20250318/image_00892.npy,Not enough keypoints in query image,0.0000
../data/raw/worms/extracted/20250318/image_00893.npy,Not enough keypoints in query image,0.0000
../data/raw/worms/extracted/20250318/image_00894.npy,Not enough keypoints in query image,0.0000
../data/raw/worms/extracted/20250318/image_00895.npy,Not enough keypoints in query image,0.0000
../data/raw/worms/extracted/20250318/image_00896.npy,Not enough keypoints in query image,0.0000
../data/raw/worms/extracted/20250318/image_00897.npy,Not enough keypoints in query image,0.0000
../data/raw/worms/extracted/20250318/image_00898.npy,Not enough keypoints in query image,0.0000
../data/raw/worms/extracted/20250318/image_00899.npy,Not enough keypoints in query image,0.0000
../data/raw/worms/extracted/20250318/image_00900.npy,Not enough keypoints in query image,0.0000
../data/raw/worms/extracted/20250318/image_00901.npy,Not enough keypoints in query image,0.0000
../data/raw/worms/extracted/20250318/image_00902.npy,Not enough keypoints in query image,0.0000
../data/raw/worms/extracted/20250318/image_00903.npy,Not enough keypoints in query image,0.0000
../data/raw/worms/extracted/20250318/image_00904.npy,Not enough keypoints in query image,0.0000
../data/raw/worms/extracted/20250318/image_00905.npy,Not enough keypoints in query image,0.0000
../data/raw/worms/extracted/20250318/image_00906.npy,Not enough keypoints in query image,0.0000
../data/raw/worms/extracted/20250318/image_00907.npy,Not enough keypoints in query image,0.0000
../data/raw/worms/extracted/20250318/image_00908.npy,Not enough keypoints in query image,0.0000
../data/raw/worms/extracted/20250318/image_00909.npy,Not enough keypoints in query image,0.0000
../data/raw/worms/extracted/20250318/image_00910.npy,Not enough keypoints in query image,0.0000
../data/raw/worms/extracted/20250318/image_00911.npy,Not enough keypoints in query image,0.0000
../data/raw/worms/extracted/20250318/image_00912.npy,Not enough keypoints in query image,0.0000
../data/raw/worms/extracted/20250318/image_00913.npy,Not enough keypoints in query image,0.0000
../data/raw/worms/extracted/20250318/image_00914.npy,Not enough keypoints in query image,0.0000
../data/raw/worms/extracted/20250318/image_00915.npy,Not enough keypoints in query image,0.0000
../data/raw/worms/extracted/20250318/image_00916.npy,Not enough keypoints in query image,0.0000
../data/raw/worms/extracted/20250318/image_00917.npy,Not enough keypoints in query image,0.0000
../data/raw/worms/extracted/20250318/image_00918.npy,Not enough keypoints in query image,0.0000
../data/raw/worms/extracted/20250318/image_00919.npy,Not enough keypoints in query image,0.0000
../data/raw/worms/extracted/20250318/image_00920.npy,Not enough keypoints in query image,0.0000
../data/raw/worms/extracted/20250318/image_00921.npy,Not enough keypoints in query image,0.0000
../data/raw/worms/extracted/20250318/image_00922.npy,Not enough keypoints in query image,0.0000
../data/raw/worms/extracted/20250318/image_00923.npy,Not enough keypoints in query image,0.0000
../data/raw/worms/extracted/20250318/image_00924.npy,Not enough keypoints in query image,0.0000
../data/raw/worms/extracted/20250318/image_00925.npy,Not enough keypoints in query image,0.0000
../data/raw/worms/extracted/20250318/image_00926.npy,Not enough keypoints in query image,0.0000
../data/raw/worms/extracted/20250318/image_00927.npy,Not enough keypoints in query image,0.0000
../data/raw/worms/extracted/20250318/image_00928.npy,Not enough keypoints in query image,0.0000
../data/raw/worms/extracted/20250318/image_00929.npy,Not enough keypoints in query image,0.0000
../data/raw/worms/extracted/20250318/image_00930.npy,Not enough keypoints in query image,0.0000
../data/raw/worms/extracted/20250318/image_00931.npy,Not enough keypoints in query image,0.0000
../data/raw/worms/extracted/20250318/image_00932.npy,Not enough keypoints in query image,0.0000
../data/raw/worms/extracted/20250318/image_00933.npy,Not enough keypoints in query image,0.0000
../data/raw/worms/extracted/20250318/image_00934.npy,Not enough keypoints in query image,0.0000
../data/raw/worms/extracted/20250318/image_00935.npy,Not enough keypoints in query image,0.0000
../data/raw/worms/extracted/20250318/image_00936.npy,Not enough keypoints in query image,0.0000
../data/raw/worms/extracted/20250318/image_00937.npy,Not enough keypoints in query image,0.0000
../data/raw/worms/extracted/20250318/image_00938.npy,Not enough keypoints in query image,0.0000
../data/raw/worms/extracted/20250318/image_00939.npy,Not enough keypoints in query image,0.0000
../data/raw/worms/extracted/20250318/image_00940.npy,Not enough keypoints in query image,0.0000
../data/raw/worms/extracted/20250318/image_00941.npy,Not enough keypoints in query image,0.0000
../data/raw/worms/extracted/20250318/image_00942.npy,Not enough keypoints in query image,0.0000
../data/raw/worms/extracted/20250318/image_00943.npy,Not enough keypoints in query image,0.0000
../data/raw/worms/extracted/20250318/image_00944.npy,Not enough keypoints in query image,0.0000
../data/raw/worms/extracted/20250318/image_00945.npy,Not enough keypoints in query image,0.0000
../data/raw/worms/extracted/20250318/image_00946.npy,Not enough keypoints in query image,0.0000
../data/raw/worms/extracted/20250318/image_00947.npy,Not enough keypoints in query image,0.0000
../data/raw/worms/extracted/20250318/image_00948.npy,Not enough keypoints in query image,0.0000
../data/raw/worms/extracted/20250318/image_00949.npy,Not enough keypoints in query image,0.0000
../data/raw/worms/extracted/20250318/image_00950.npy,Not enough keypoints in query image,0.0000
../data/raw/worms/extracted/20250318/image_00951.npy,Not enough keypoints in query image,0.0000
../data/raw/worms/extracted/20250318/image_00952.npy,Not enough keypoints in query image,0.0000
../data/raw/worms/extracted/20250318/image_00953.npy,Not enough keypoints in query image,0.0000
../data/raw/worms/extracted/20250318/image_00954.npy,Not enough keypoints in query image,0.0000
../data/raw/worms/extracted/20250318/image_00955.npy,Not enough keypoints in query image,0.0000
../data/raw/worms/extracted/20250318/image_00956.npy,Not enough keypoints in query image,0.0000
../data/raw/worms/extracted/20250318/image_00957.npy,Not enough keypoints in query image,0.0000
../data/raw/worms/extracted/20250318/image_00958.npy,Not enough keypoints in query image,0.0000
../data/raw/worms/extracted/20250318/image_00959.npy,Not enough keypoints in query image,0.0000
../data/raw/worms/extracted/20250318/image_00960.npy,Not enough keypoints in query image,0.0000
../data/raw/worms/extracted/20250318/image_00961.npy,Not enough keypoints in query image,0.0000
../data/raw/worms/extracted/20250318/image_00962.npy,Not enough keypoints in query image,0.0000
../data/raw/worms/extracted/20250318/image_00963.npy,Not enough keypoints in query image,0.0000
../data/raw/worms/extracted/20250318/image_00964.npy,Not enough keypoints in query image,0.0000
../data/raw/worms/extracted/20250318/image_00965.npy,Not enough keypoints in query image,0.0000
../data/raw/worms/extracted/20250318/image_00966.npy,Not enough keypoints in query image,0.0000
../data/raw/worms/extracted/20250318/image_00967.npy,Not enough keypoints in query image,0.0000
../data/raw/worms/extracted/20250318/image_00968.npy,Not enough keypoints in query image,0.0000
../data/raw/worms/extracted/20250318/image_00969.npy,Not enough keypoints in query image,0.0000
../data/raw/worms/extracted/20250318/image_00970.npy,Not enough keypoints in query image,0.0000
../data/raw/worms/extracted/20250318/image_00971.npy,Not enough keypoints in query image,0.0000
../data/raw/worms/extracted/20250318/image_00972.npy,Not enough keypoints in query image,0.0000
../data/raw/worms/extracted/20250318/image_00973.npy,Not enough keypoints in query image,0.0000
../data/raw/worms/extracted/20250318/image_00974.npy,Not enough keypoints in query image,0.0000
../data/raw/worms/extracted/20250318/image_00975.npy,Not enough keypoints in query image,0.0000
../data/raw/worms/extracted/20250318/image_00976.npy,Not enough keypoints in query image,0.0000
../data/raw/worms/extracted/20250318/image_00977.npy,Not enough keypoints in query image,0.0000
../data/raw/worms/extracted/20250318/image_00978.npy,Not enough keypoints in query image,0.0000
../data/raw/worms/extracted/20250318/image_00979.npy,Not enough keypoints in query image,0.0000
../data/raw/worms/extracted/20250318/image_00980.npy,Not enough keypoints in query image,0.0000
../data/raw/worms/extracted/20250318/image_00981.npy,Not enough keypoints in query image,0.0000
../data/raw/worms/extracted/20250318/image_00982.npy,Not enough keypoints in query image,0.0000
../data/raw/worms/extracted/20250318/image_00983.npy,Not enough keypoints in query image,0.0000
../data/raw/worms/extracted/20250318/image_00984.npy,Not enough keypoints in query image,0.0000
../data/raw/worms/extracted/20250318/image_00985.npy,Not enough keypoints in query image,0.0000
../data/raw/worms/extracted/20250318/image_00986.npy,Not enough keypoints in query image,0.0000
../data/raw/worms/extracted/20250318/image_00987.npy,Not enough keypoints in query image,0.0000
../data/raw/worms/extracted/20250318/image_00988.npy,Not enough keypoints in query image,0.0000
../data/raw/worms/extracted/20250318/image_00989.npy,Not enough keypoints in query image,0.0000
../data/raw/worms/extracted/20250318/image_00990.npy,Not enough keypoints in query image,0.0000
../data/raw/worms/extracted/20250318/image_00991.npy,Not enough keypoints in query image,0.0000
../data/raw/worms/extracted/20250318/image_00992.npy,Not enough keypoints in query image,0.0000
../data/raw/worms/extracted/20250318/image_00993.npy,Not enough keypoints in query image,0.0000
../data/raw/worms/extracted/20250318/image_00994.npy,Not enough keypoints in query image,0.0000
../data/raw/worms/extracted/20250318/image_00995.npy,Not enough keypoints in query image,0.0000
../data/raw/worms/extracted/20250318/image_00996.npy,Not enough keypoints in query image,0.0000
../data/raw/worms/extracted/20250318/image_00997.npy,Not enough keypoints in query image,0.0000
../data/raw/worms/extracted/20250318/image_00998.npy,Not enough keypoints in query image,0.0000
../data/raw/worms/extracted/20250318/image_00999.npy,Not enough keypoints in query image,0.0000
../data/raw/worms/extracted/20250318/image_01000.npy,Not enough keypoints in query image,0.0000
../data/raw/worms/extracted/20250318/image_01001.npy,Not enough keypoints in query image,0.0000
../data/raw/worms/extracted/20250318/image_01002.npy,Not enough keypoints in query image,0.0000
../data/raw/worms/extracted/20250318/image_01003.npy,Not enough keypoints in query image,0.0000
../data/raw/worms/extracted/20250318/image_01004.npy,Not enough keypoints in query image,0.0000
../data/raw/worms/extracted/20250318/image_01005.npy,Not enough keypoints in query image,0.0000
../data/raw/worms/extracted/20250318/image_01006.npy,Not enough keypoints in query image,0.0000
../data/raw/worms/extracted/20250318/image_01007.npy,Not enough keypoints in query image,0.0000
../data/raw/worms/extracted/20250318/image_01008.npy,Not enough keypoints in query image,0.0000
../data/raw/worms/extracted/20250318/image_01009.npy,Not enough keypoints in query image,0.0000
../data/raw/worms/extracted/20250318/image_01010.npy,Not enough keypoints in query image,0.0000
../data/raw/worms/extracted/20250318/image_01011.npy,Not enough keypoints in query image,0.0000
../data/raw/worms/extracted/20250318/image_01012.npy,Not enough keypoints in query image,0.0000
../data/raw/worms/extracted/20250318/image_01013.npy,Not enough keypoints in query image,0.0000
../data/raw/worms/extracted/20250318/image_01014.npy,Not enough keypoints in query image,0.0000
../data/raw/worms/extracted/20250318/image_01015.npy,Not enough keypoints in query image,0.0000
../data/raw/worms/extracted/20250318/image_01016.npy,Not enough keypoints in query image,0.0000
../data/raw/worms/extracted/20250318/image_01017.npy,Not enough keypoints in query image,0.0000
../data/raw/worms/extracted/20250318/image_01018.npy,Not enough keypoints in query image,0.0000
../data/raw/worms/extracted/20250318/image_01019.npy,Not enough keypoints in query image,0.0000
../data/raw/worms/extracted/20250318/image_01020.npy,Not enough keypoints in query image,0.0000
../data/raw/worms/extracted/20250318/image_01021.npy,Not enough keypoints in query image,0.0000
../data/raw/worms/extracted/20250318/image_01022.npy,Not enough keypoints in query image,0.0000
../data/raw/worms/extracted/20250318/image_01023.npy,Not enough keypoints in query image,0.0000
../data/raw/worms/extracted/20250318/image_01024.npy,Not enough keypoints in query image,0.0000
../data/raw/worms/extracted/20250318/image_01025.npy,Not enough keypoints in query image,0.0000
../data/raw/worms/extracted/20250318/image_01026.npy,Not enough keypoints in query image,0.0000
../data/raw/worms/extracted/20250318/image_01027.npy,Not enough keypoints in query image,0.0000
../data/raw/worms/extracted/20250318/image_01028.npy,Not enough keypoints in query image,0.0000
../data/raw/worms/extracted/20250318/image_01029.npy,Not enough keypoints in query image,0.0000
../data/raw/worms/extracted/20250318/image_01030.npy,Not enough keypoints in query image,0.0000
../data/raw/worms/extracted/20250318/image_01031.npy,Not enough keypoints in query image,0.0000
../data/raw/worms/extracted/20250318/image_01032.npy,Not enough keypoints in query image,0.0000
../data/raw/worms/extracted/20250318/image_01033.npy,Not enough keypoints in query image,0.0000
../data/raw/worms/extracted/20250318/image_01034.npy,Not enough keypoints in query image,0.0000
../data/raw/worms/extracted/20250318/image_01035.npy,Not enough keypoints in query image,0.0000
../data/raw/worms/extracted/20250318/image_01036.npy,Not enough keypoints in query image,0.0000
../data/raw/worms/extracted/20250318/image_01037.npy,Not enough keypoints in query image,0.0000
../data/raw/worms/extracted/20250318/image_01038.npy,Not enough keypoints in query image,0.0000
../data/raw/worms/extracted/20250318/image_01039.npy,Not enough keypoints in query image,0.0000
../data/raw/worms/extracted/20250318/image_01040.npy,Not enough keypoints in query image,0.0000
../data/raw/worms/extracted/20250318/image_01041.npy,Not enough keypoints in query image,0.0000
../data/raw/worms/extracted/20250318/image_01042.npy,Not enough keypoints in query image,0.0000
../data/raw/worms/extracted/20250318/image_01043.npy,Not enough keypoints in query image,0.0000
../data/raw/worms/extracted/20250318/image_01044.npy,Not enough keypoints in query image,0.0000
../data/raw/worms/extracted/20250318/image_01045.npy,Not enough keypoints in query image,0.0000
../data/raw/worms/extracted/20250318/image_01046.npy,Not enough keypoints in query image,0.0000
../data/raw/worms/extracted/20250318/image_01047.npy,Not enough keypoints in query image,0.0000
../data/raw/worms/extracted/20250318/image_01048.npy,Not enough keypoints in query image,0.0000
../data/raw/worms/extracted/20250318/image_01049.npy,Not enough keypoints in query image,0.0000
../data/raw/worms/extracted/20250318/image_01050.npy,Not enough keypoints in query image,0.0000
../data/raw/worms/extracted/20250318/image_01051.npy,Not enough keypoints in query image,0.0000
../data/raw/worms/extracted/20250318/image_01052.npy,Not enough keypoints in query image,0.0000
../data/raw/worms/extracted/20250318/image_01053.npy,Not enough keypoints in query image,0.0000
../data/raw/worms/extracted/20250318/image_01054.npy,Not enough keypoints in query image,0.0000
../data/raw/worms/extracted/20250318/image_01055.npy,Not enough keypoints in query image,0.0000
../data/raw/worms/extracted/20250318/image_01056.npy,Not enough keypoints in query image,0.0000
../data/raw/worms/extracted/20250318/image_01057.npy,Not enough keypoints in query image,0.0000
../data/raw/worms/extracted/20250318/image_01058.npy,Not enough keypoints in query image,0.0000
../data/raw/worms/extracted/20250318/image_01059.npy,Not enough keypoints in query image,0.0000
../data/raw/worms/extracted/20250318/image_01060.npy,Not enough keypoints in query image,0.0000
../data/raw/worms/extracted/20250318/image_01061.npy,Not enough keypoints in query image,0.0000
../data/raw/worms/extracted/20250318/image_01062.npy,Not enough keypoints in query image,0.0000
../data/raw/worms/extracted/20250318/image_01063.npy,Not enough keypoints in query image,0.0000
../data/raw/worms/extracted/20250318/image_01064.npy,Not enough keypoints in query image,0.0000
../data/raw/worms/extracted/20250318/image_01065.npy,Not enough keypoints in query image,0.0000
../data/raw/worms/extracted/20250318/image_01066.npy,Not enough keypoints in query image,0.0000
../data/raw/worms/extracted/20250318/image_01067.npy,Not enough keypoints in query image,0.0000
../data/raw/worms/extracted/20250318/image_01068.npy,../data/interim/event_imgs/167800000.jpg,0.7273
../data/raw/worms/extracted/20250318/image_01069.npy,../data/interim/event_imgs/147400000.jpg,0.5932
../data/raw/worms/extracted/20250318/image_01070.npy,../data/interim/event_imgs/153550000.jpg,0.6078
../data/raw/worms/extracted/20250318/image_01071.npy,../data/interim/event_imgs/139300000.jpg,0.7273
../data/raw/worms/extracted/20250318/image_01072.npy,../data/interim/event_imgs/231100000.jpg,0.5818
../data/raw/worms/extracted/20250318/image_01073.npy,../data/interim/event_imgs/101950000.jpg,0.7222
../data/raw/worms/extracted/20250318/image_01074.npy,Not enough keypoints in query image,0.0000
../data/raw/worms/extracted/20250318/image_01075.npy,Not enough keypoints in query image,0.0000
../data/raw/worms/extracted/20250318/image_01076.npy,Not enough keypoints in query image,0.0000
../data/raw/worms/extracted/20250318/image_01077.npy,Not enough keypoints in query image,0.0000
../data/raw/worms/extracted/20250318/image_01078.npy,Not enough keypoints in query image,0.0000
../data/raw/worms/extracted/20250318/image_01079.npy,Not enough keypoints in query image,0.0000
../data/raw/worms/extracted/20250318/image_01080.npy,Not enough keypoints in query image,0.0000
../data/raw/worms/extracted/20250318/image_01081.npy,Not enough keypoints in query image,0.0000
../data/raw/worms/extracted/20250318/image_01082.npy,Not enough keypoints in query image,0.0000
../data/raw/worms/extracted/20250318/image_01083.npy,Not enough keypoints in query image,0.0000
../data/raw/worms/extracted/20250318/image_01084.npy,Not enough keypoints in query image,0.0000
../data/raw/worms/extracted/20250318/image_01085.npy,Not enough keypoints in query image,0.0000
../data/raw/worms/extracted/20250318/image_01086.npy,Not enough keypoints in query image,0.0000
../data/raw/worms/extracted/20250318/image_01087.npy,Not enough keypoints in query image,0.0000
../data/raw/worms/extracted/20250318/image_01088.npy,Not enough keypoints in query image,0.0000
../data/raw/worms/extracted/20250318/image_01089.npy,Not enough keypoints in query image,0.0000
../data/raw/worms/extracted/20250318/image_01090.npy,Not enough keypoints in query image,0.0000
../data/raw/worms/extracted/20250318/image_01091.npy,../data/interim/event_imgs/139600000.jpg,0.6957
../data/raw/worms/extracted/20250318/image_01092.npy,../data/interim/event_imgs/151000000.jpg,0.4776
../data/raw/worms/extracted/20250318/image_01093.npy,../data/interim/event_imgs/100900000.jpg,0.9167
../data/raw/worms/extracted/20250318/image_01094.npy,../data/interim/event_imgs/166150000.jpg,0.5397
../data/raw/worms/extracted/20250318/image_01095.npy,../data/interim/event_imgs/179050000.jpg,0.8000
../data/raw/worms/extracted/20250318/image_01096.npy,../data/interim/event_imgs/103450000.jpg,0.7500
../data/raw/worms/extracted/20250318/image_01097.npy,../data/interim/event_imgs/101800000.jpg,0.6923
../data/raw/worms/extracted/20250318/image_01098.npy,Not enough keypoints in query image,0.0000
../data/raw/worms/extracted/20250318/image_01099.npy,../data/interim/event_imgs/104050000.jpg,0.9000
../data/raw/worms/extracted/20250318/image_01100.npy,../data/interim/event_imgs/87550000.jpg,0.7826
../data/raw/worms/extracted/20250318/image_01101.npy,../data/interim/event_imgs/236800000.jpg,0.7500
../data/raw/worms/extracted/20250318/image_01102.npy,../data/interim/event_imgs/128500000.jpg,0.6111
../data/raw/worms/extracted/20250318/image_01103.npy,../data/interim/event_imgs/132700000.jpg,0.6000
../data/raw/worms/extracted/20250318/image_01104.npy,../data/interim/event_imgs/132850000.jpg,0.6410
../data/raw/worms/extracted/20250318/image_01105.npy,../data/interim/event_imgs/17050000.jpg,0.8947
../data/raw/worms/extracted/20250318/image_01106.npy,../data/interim/event_imgs/128650000.jpg,0.6667
../data/raw/worms/extracted/20250318/image_01107.npy,../data/interim/event_imgs/138400000.jpg,0.8000
../data/raw/worms/extracted/20250318/image_01108.npy,../data/interim/event_imgs/208300000.jpg,0.8667
../data/raw/worms/extracted/20250318/image_01109.npy,../data/interim/event_imgs/248650000.jpg,0.8421
../data/raw/worms/extracted/20250318/image_01110.npy,../data/interim/event_imgs/226900000.jpg,0.5517
../data/raw/worms/extracted/20250318/image_01111.npy,../data/interim/event_imgs/249550000.jpg,0.4270
../data/raw/worms/extracted/20250318/image_01112.npy,../data/interim/event_imgs/172750000.jpg,0.3778
../data/raw/worms/extracted/20250318/image_01113.npy,../data/interim/event_imgs/151450000.jpg,0.3119
../data/raw/worms/extracted/20250318/image_01114.npy,../data/interim/event_imgs/131800000.jpg,0.4531
../data/raw/worms/extracted/20250318/image_01115.npy,../data/interim/event_imgs/245650000.jpg,0.9091
../data/raw/worms/extracted/20250318/image_01116.npy,../data/interim/event_imgs/236800000.jpg,0.7692
../data/raw/worms/extracted/20250318/image_01117.npy,../data/interim/event_imgs/217150000.jpg,0.8333
../data/raw/worms/extracted/20250318/image_01118.npy,../data/interim/event_imgs/550000.jpg,0.5556
../data/raw/worms/extracted/20250318/image_01119.npy,../data/interim/event_imgs/130900000.jpg,0.7619
../data/raw/worms/extracted/20250318/image_01120.npy,../data/interim/event_imgs/157300000.jpg,0.5532
../data/raw/worms/extracted/20250318/image_01121.npy,../data/interim/event_imgs/104650000.jpg,0.7143
../data/raw/worms/extracted/20250318/image_01122.npy,../data/interim/event_imgs/147550000.jpg,0.6444
../data/raw/worms/extracted/20250318/image_01123.npy,../data/interim/event_imgs/76450000.jpg,0.5870
../data/raw/worms/extracted/20250318/image_01124.npy,../data/interim/event_imgs/129550000.jpg,0.4603
../data/raw/worms/extracted/20250318/image_01125.npy,../data/interim/event_imgs/1300000.jpg,0.4808
../data/raw/worms/extracted/20250318/image_01126.npy,../data/interim/event_imgs/152200000.jpg,0.5455
../data/raw/worms/extracted/20250318/image_01127.npy,../data/interim/event_imgs/94750000.jpg,0.5490
../data/raw/worms/extracted/20250318/image_01128.npy,../data/interim/event_imgs/202150000.jpg,0.4915
../data/raw/worms/extracted/20250318/image_01129.npy,../data/interim/event_imgs/136450000.jpg,0.6296
../data/raw/worms/extracted/20250318/image_01130.npy,../data/interim/event_imgs/147700000.jpg,0.5102
../data/raw/worms/extracted/20250318/image_01131.npy,../data/interim/event_imgs/139900000.jpg,0.3786
../data/raw/worms/extracted/20250318/image_01132.npy,../data/interim/event_imgs/100000.jpg,0.4681
../data/raw/worms/extracted/20250318/image_01133.npy,../data/interim/event_imgs/76750000.jpg,1.0000
../data/raw/worms/extracted/20250318/image_01134.npy,../data/interim/event_imgs/223300000.jpg,0.7353
../data/raw/worms/extracted/20250318/image_01135.npy,../data/interim/event_imgs/130450000.jpg,0.4884
../data/raw/worms/extracted/20250318/image_01136.npy,../data/interim/event_imgs/176200000.jpg,0.7419
../data/raw/worms/extracted/20250318/image_01137.npy,../data/interim/event_imgs/219850000.jpg,0.9333
../data/raw/worms/extracted/20250318/image_01138.npy,../data/interim/event_imgs/212200000.jpg,0.9286
../data/raw/worms/extracted/20250318/image_01139.npy,../data/interim/event_imgs/104650000.jpg,0.6531
../data/raw/worms/extracted/20250318/image_01140.npy,../data/interim/event_imgs/143050000.jpg,0.6047
../data/raw/worms/extracted/20250318/image_01141.npy,../data/interim/event_imgs/206350000.jpg,0.8947
../data/raw/worms/extracted/20250318/image_01142.npy,Not enough keypoints in query image,0.0000
../data/raw/worms/extracted/20250318/image_01143.npy,Not enough keypoints in query image,0.0000
../data/raw/worms/extracted/20250318/image_01144.npy,Not enough keypoints in query image,0.0000
../data/raw/worms/extracted/20250318/image_01145.npy,Not enough keypoints in query image,0.0000
../data/raw/worms/extracted/20250318/image_01146.npy,Not enough keypoints in query image,0.0000
../data/raw/worms/extracted/20250318/image_01147.npy,Not enough keypoints in query image,0.0000
../data/raw/worms/extracted/20250318/image_01148.npy,Not enough keypoints in query image,0.0000
../data/raw/worms/extracted/20250318/image_01149.npy,Not enough keypoints in query image,0.0000
../data/raw/worms/extracted/20250318/image_01150.npy,Not enough keypoints in query image,0.0000
../data/raw/worms/extracted/20250318/image_01151.npy,Not enough keypoints in query image,0.0000
../data/raw/worms/extracted/20250318/image_01152.npy,../data/interim/event_imgs/218200000.jpg,0.7778
../data/raw/worms/extracted/20250318/image_01153.npy,../data/interim/event_imgs/134050000.jpg,0.7368
../data/raw/worms/extracted/20250318/image_01154.npy,Not enough keypoints in query image,0.0000
../data/raw/worms/extracted/20250318/image_01155.npy,Not enough keypoints in query image,0.0000
../data/raw/worms/extracted/20250318/image_01156.npy,Not enough keypoints in query image,0.0000
../data/raw/worms/extracted/20250318/image_01157.npy,Not enough keypoints in query image,0.0000
../data/raw/worms/extracted/20250318/image_01158.npy,../data/interim/event_imgs/201550000.jpg,0.7778
../data/raw/worms/extracted/20250318/image_01159.npy,../data/interim/event_imgs/205300000.jpg,0.8462
../data/raw/worms/extracted/20250318/image_01160.npy,../data/interim/event_imgs/100900000.jpg,0.9000
../data/raw/worms/extracted/20250318/image_01161.npy,../data/interim/event_imgs/154450000.jpg,0.3187
../data/raw/worms/extracted/20250318/image_01162.npy,../data/interim/event_imgs/155650000.jpg,0.3194
../data/raw/worms/extracted/20250318/image_01163.npy,../data/interim/event_imgs/179500000.jpg,0.3855
../data/raw/worms/extracted/20250318/image_01164.npy,Not enough keypoints in query image,0.0000
../data/raw/worms/extracted/20250318/image_01165.npy,Not enough keypoints in query image,0.0000
../data/raw/worms/extracted/20250318/image_01166.npy,Not enough keypoints in query image,0.0000
../data/raw/worms/extracted/20250318/image_01167.npy,Not enough keypoints in query image,0.0000
../data/raw/worms/extracted/20250318/image_01168.npy,Not enough keypoints in query image,0.0000
../data/raw/worms/extracted/20250318/image_01169.npy,Not enough keypoints in query image,0.0000
../data/raw/worms/extracted/20250318/image_01170.npy,Not enough keypoints in query image,0.0000
../data/raw/worms/extracted/20250318/image_01171.npy,Not enough keypoints in query image,0.0000
../data/raw/worms/extracted/20250318/image_01172.npy,Not enough keypoints in query image,0.0000
../data/raw/worms/extracted/20250318/image_01173.npy,Not enough keypoints in query image,0.0000
../data/raw/worms/extracted/20250318/image_01174.npy,Not enough keypoints in query image,0.0000
../data/raw/worms/extracted/20250318/image_01175.npy,Not enough keypoints in query image,0.0000
../data/raw/worms/extracted/20250318/image_01176.npy,Not enough keypoints in query image,0.0000
../data/raw/worms/extracted/20250318/image_01177.npy,Not enough keypoints in query image,0.0000
../data/raw/worms/extracted/20250318/image_01178.npy,Not enough keypoints in query image,0.0000
../data/raw/worms/extracted/20250318/image_01179.npy,Not enough keypoints in query image,0.0000
../data/raw/worms/extracted/20250318/image_01180.npy,Not enough keypoints in query image,0.0000
../data/raw/worms/extracted/20250318/image_01181.npy,Not enough keypoints in query image,0.0000
../data/raw/worms/extracted/20250318/image_01182.npy,Not enough keypoints in query image,0.0000
../data/raw/worms/extracted/20250318/image_01183.npy,Not enough keypoints in query image,0.0000
../data/raw/worms/extracted/20250318/image_01184.npy,Not enough keypoints in query image,0.0000
../data/raw/worms/extracted/20250318/image_01185.npy,Not enough keypoints in query image,0.0000
../data/raw/worms/extracted/20250318/image_01186.npy,Not enough keypoints in query image,0.0000
../data/raw/worms/extracted/20250318/image_01187.npy,Not enough keypoints in query image,0.0000
../data/raw/worms/extracted/20250318/image_01188.npy,Not enough keypoints in query image,0.0000
../data/raw/worms/extracted/20250318/image_01189.npy,Not enough keypoints in query image,0.0000
../data/raw/worms/extracted/20250318/image_01190.npy,Not enough keypoints in query image,0.0000
../data/raw/worms/extracted/20250318/image_01191.npy,Not enough keypoints in query image,0.0000
../data/raw/worms/extracted/20250318/image_01192.npy,Not enough keypoints in query image,0.0000
../data/raw/worms/extracted/20250318/image_01193.npy,Not enough keypoints in query image,0.0000
../data/raw/worms/extracted/20250318/image_01194.npy,Not enough keypoints in query image,0.0000
../data/raw/worms/extracted/20250318/image_01195.npy,Not enough keypoints in query image,0.0000
../data/raw/worms/extracted/20250318/image_01196.npy,Not enough keypoints in query image,0.0000
../data/raw/worms/extracted/20250318/image_01197.npy,Not enough keypoints in query image,0.0000
../data/raw/worms/extracted/20250318/image_01198.npy,Not enough keypoints in query image,0.0000
../data/raw/worms/extracted/20250318/image_01199.npy,Not enough keypoints in query image,0.0000
../data/raw/worms/extracted/20250318/image_01200.npy,Not enough keypoints in query image,0.0000
../data/raw/worms/extracted/20250318/image_01201.npy,Not enough keypoints in query image,0.0000
../data/raw/worms/extracted/20250318/image_01202.npy,Not enough keypoints in query image,0.0000
../data/raw/worms/extracted/20250318/image_01203.npy,Not enough keypoints in query image,0.0000
../data/raw/worms/extracted/20250318/image_01204.npy,Not enough keypoints in query image,0.0000
../data/raw/worms/extracted/20250318/image_01205.npy,Not enough keypoints in query image,0.0000
../data/raw/worms/extracted/20250318/image_01206.npy,Not enough keypoints in query image,0.0000
../data/raw/worms/extracted/20250318/image_01207.npy,Not enough keypoints in query image,0.0000
../data/raw/worms/extracted/20250318/image_01208.npy,Not enough keypoints in query image,0.0000
../data/raw/worms/extracted/20250318/image_01209.npy,Not enough keypoints in query image,0.0000
../data/raw/worms/extracted/20250318/image_01210.npy,Not enough keypoints in query image,0.0000
../data/raw/worms/extracted/20250318/image_01211.npy,Not enough keypoints in query image,0.0000
../data/raw/worms/extracted/20250318/image_01212.npy,../data/interim/event_imgs/203350000.jpg,0.8462
../data/raw/worms/extracted/20250318/image_01213.npy,Not enough keypoints in query image,0.0000
../data/raw/worms/extracted/20250318/image_01214.npy,Not enough keypoints in query image,0.0000
../data/raw/worms/extracted/20250318/image_01215.npy,Not enough keypoints in query image,0.0000
../data/raw/worms/extracted/20250318/image_01216.npy,Not enough keypoints in query image,0.0000
../data/raw/worms/extracted/20250318/image_01217.npy,Not enough keypoints in query image,0.0000
../data/raw/worms/extracted/20250318/image_01218.npy,Not enough keypoints in query image,0.0000
../data/raw/worms/extracted/20250318/image_01219.npy,Not enough keypoints in query image,0.0000
../data/raw/worms/extracted/20250318/image_01220.npy,Not enough keypoints in query image,0.0000
../data/raw/worms/extracted/20250318/image_01221.npy,Not enough keypoints in query image,0.0000
../data/raw/worms/extracted/20250318/image_01222.npy,Not enough keypoints in query image,0.0000
../data/raw/worms/extracted/20250318/image_01223.npy,Not enough keypoints in query image,0.0000
../data/raw/worms/extracted/20250318/image_01224.npy,../data/interim/event_imgs/203350000.jpg,0.9286
../data/raw/worms/extracted/20250318/image_01225.npy,Not enough keypoints in query image,0.0000
../data/raw/worms/extracted/20250318/image_01226.npy,../data/interim/event_imgs/229000000.jpg,0.9231
../data/raw/worms/extracted/20250318/image_01227.npy,../data/interim/event_imgs/90700000.jpg,0.8182
../data/raw/worms/extracted/20250318/image_01228.npy,../data/interim/event_imgs/203350000.jpg,0.8182
../data/raw/worms/extracted/20250318/image_01229.npy,Not enough keypoints in query image,0.0000
../data/raw/worms/extracted/20250318/image_01230.npy,Not enough keypoints in query image,0.0000
../data/raw/worms/extracted/20250318/image_01231.npy,../data/interim/event_imgs/225100000.jpg,0.9000
../data/raw/worms/extracted/20250318/image_01232.npy,../data/interim/event_imgs/252550000.jpg,0.8182
../data/raw/worms/extracted/20250318/image_01233.npy,Not enough keypoints in query image,0.0000
../data/raw/worms/extracted/20250318/image_01234.npy,Not enough keypoints in query image,0.0000
../data/raw/worms/extracted/20250318/image_01235.npy,Not enough keypoints in query image,0.0000
../data/raw/worms/extracted/20250318/image_01236.npy,Not enough keypoints in query image,0.0000
../data/raw/worms/extracted/20250318/image_01237.npy,../data/interim/event_imgs/208300000.jpg,0.9000
../data/raw/worms/extracted/20250318/image_01238.npy,../data/interim/event_imgs/192550000.jpg,0.6571
../data/raw/worms/extracted/20250318/image_01239.npy,../data/interim/event_imgs/160000000.jpg,0.4722
../data/raw/worms/extracted/20250318/image_01240.npy,../data/interim/event_imgs/181750000.jpg,0.7000
../data/raw/worms/extracted/20250318/image_01241.npy,../data/interim/event_imgs/240100000.jpg,0.3200
../data/raw/worms/extracted/20250318/image_01242.npy,../data/interim/event_imgs/143500000.jpg,0.3121
../data/raw/worms/extracted/20250318/image_01243.npy,../data/interim/event_imgs/157450000.jpg,0.4095
../data/raw/worms/extracted/20250318/image_01244.npy,../data/interim/event_imgs/131950000.jpg,0.4400
../data/raw/worms/extracted/20250318/image_01245.npy,../data/interim/event_imgs/104650000.jpg,0.5625
../data/raw/worms/extracted/20250318/image_01246.npy,../data/interim/event_imgs/100000.jpg,0.3817
../data/raw/worms/extracted/20250318/image_01247.npy,../data/interim/event_imgs/127900000.jpg,0.3140
../data/raw/worms/extracted/20250318/image_01248.npy,../data/interim/event_imgs/160300000.jpg,0.2893
../data/raw/worms/extracted/20250318/image_01249.npy,../data/interim/event_imgs/101650000.jpg,0.2512
../data/raw/worms/extracted/20250318/image_01250.npy,../data/interim/event_imgs/160300000.jpg,0.2886
../data/raw/worms/extracted/20250318/image_01251.npy,../data/interim/event_imgs/160300000.jpg,0.2709
../data/raw/worms/extracted/20250318/image_01252.npy,../data/interim/event_imgs/100750000.jpg,0.2953
../data/raw/worms/extracted/20250318/image_01253.npy,../data/interim/event_imgs/157300000.jpg,0.2944
../data/raw/worms/extracted/20250318/image_01254.npy,../data/interim/event_imgs/104650000.jpg,0.3245
../data/raw/worms/extracted/20250318/image_01255.npy,../data/interim/event_imgs/104650000.jpg,0.3307
../data/raw/worms/extracted/20250318/image_01256.npy,../data/interim/event_imgs/135700000.jpg,0.5909
../data/raw/worms/extracted/20250318/image_01257.npy,../data/interim/event_imgs/158650000.jpg,0.7600
../data/raw/worms/extracted/20250318/image_01258.npy,../data/interim/event_imgs/160300000.jpg,0.4124
../data/raw/worms/extracted/20250318/image_01259.npy,../data/interim/event_imgs/148300000.jpg,0.4535
../data/raw/worms/extracted/20250318/image_01260.npy,../data/interim/event_imgs/128350000.jpg,0.5556
../data/raw/worms/extracted/20250318/image_01261.npy,../data/interim/event_imgs/167350000.jpg,0.6667
../data/raw/worms/extracted/20250318/image_01262.npy,../data/interim/event_imgs/103750000.jpg,0.7727
../data/raw/worms/extracted/20250318/image_01263.npy,../data/interim/event_imgs/203350000.jpg,0.6042
../data/raw/worms/extracted/20250318/image_01264.npy,../data/interim/event_imgs/1020000.jpg,0.4648
../data/raw/worms/extracted/20250318/image_01265.npy,../data/interim/event_imgs/94900000.jpg,0.3739
../data/raw/worms/extracted/20250318/image_01266.npy,../data/interim/event_imgs/149200000.jpg,0.3179
../data/raw/worms/extracted/20250318/image_01267.npy,../data/interim/event_imgs/231250000.jpg,0.5319
../data/raw/worms/extracted/20250318/image_01268.npy,Not enough keypoints in query image,0.0000
../data/raw/worms/extracted/20250318/image_01269.npy,../data/interim/event_imgs/230950000.jpg,0.9091
../data/raw/worms/extracted/20250318/image_01270.npy,../data/interim/event_imgs/236950000.jpg,0.8333
../data/raw/worms/extracted/20250318/image_01271.npy,../data/interim/event_imgs/160300000.jpg,0.7500
../data/raw/worms/extracted/20250318/image_01272.npy,../data/interim/event_imgs/150850000.jpg,0.3402
../data/raw/worms/extracted/20250318/image_01273.npy,../data/interim/event_imgs/176350000.jpg,0.8125
../data/raw/worms/extracted/20250318/image_01274.npy,../data/interim/event_imgs/91600000.jpg,0.5949
../data/raw/worms/extracted/20250318/image_01275.npy,../data/interim/event_imgs/105400000.jpg,0.3600
../data/raw/worms/extracted/20250318/image_01276.npy,../data/interim/event_imgs/141550000.jpg,0.3162
../data/raw/worms/extracted/20250318/image_01277.npy,../data/interim/event_imgs/157300000.jpg,0.5082
../data/raw/worms/extracted/20250318/image_01278.npy,../data/interim/event_imgs/101500000.jpg,0.2971
../data/raw/worms/extracted/20250318/image_01279.npy,../data/interim/event_imgs/128200000.jpg,0.7037
../data/raw/worms/extracted/20250318/image_01280.npy,Not enough keypoints in query image,0.0000
../data/raw/worms/extracted/20250318/image_01281.npy,Not enough keypoints in query image,0.0000
../data/raw/worms/extracted/20250318/image_01282.npy,Not enough keypoints in query image,0.0000
../data/raw/worms/extracted/20250318/image_01283.npy,Not enough keypoints in query image,0.0000
../data/raw/worms/extracted/20250318/image_01284.npy,Not enough keypoints in query image,0.0000
../data/raw/worms/extracted/20250318/image_01285.npy,Not enough keypoints in query image,0.0000
../data/raw/worms/extracted/20250318/image_01286.npy,Not enough keypoints in query image,0.0000
../data/raw/worms/extracted/20250318/image_01287.npy,Not enough keypoints in query image,0.0000
../data/raw/worms/extracted/20250318/image_01288.npy,Not enough keypoints in query image,0.0000
../data/raw/worms/extracted/20250318/image_01289.npy,Not enough keypoints in query image,0.0000
../data/raw/worms/extracted/20250318/image_01290.npy,Not enough keypoints in query image,0.0000
../data/raw/worms/extracted/20250318/image_01291.npy,Not enough keypoints in query image,0.0000
../data/raw/worms/extracted/20250318/image_01292.npy,Not enough keypoints in query image,0.0000
../data/raw/worms/extracted/20250318/image_01293.npy,Not enough keypoints in query image,0.0000
../data/raw/worms/extracted/20250318/image_01294.npy,Not enough keypoints in query image,0.0000
../data/raw/worms/extracted/20250318/image_01295.npy,Not enough keypoints in query image,0.0000
../data/raw/worms/extracted/20250318/image_01296.npy,Not enough keypoints in query image,0.0000
../data/raw/worms/extracted/20250318/image_01297.npy,Not enough keypoints in query image,0.0000
../data/raw/worms/extracted/20250318/image_01298.npy,Not enough keypoints in query image,0.0000
../data/raw/worms/extracted/20250318/image_01299.npy,Not enough keypoints in query image,0.0000
../data/raw/worms/extracted/20250318/image_01300.npy,Not enough keypoints in query image,0.0000
../data/raw/worms/extracted/20250318/image_01301.npy,Not enough keypoints in query image,0.0000
../data/raw/worms/extracted/20250318/image_01302.npy,Not enough keypoints in query image,0.0000
../data/raw/worms/extracted/20250318/image_01303.npy,Not enough keypoints in query image,0.0000
../data/raw/worms/extracted/20250318/image_01304.npy,Not enough keypoints in query image,0.0000
../data/raw/worms/extracted/20250318/image_01305.npy,Not enough keypoints in query image,0.0000
../data/raw/worms/extracted/20250318/image_01306.npy,Not enough keypoints in query image,0.0000
../data/raw/worms/extracted/20250318/image_01307.npy,Not enough keypoints in query image,0.0000
../data/raw/worms/extracted/20250318/image_01308.npy,Not enough keypoints in query image,0.0000
../data/raw/worms/extracted/20250318/image_01309.npy,Not enough keypoints in query image,0.0000
../data/raw/worms/extracted/20250318/image_01310.npy,Not enough keypoints in query image,0.0000
../data/raw/worms/extracted/20250318/image_01311.npy,Not enough keypoints in query image,0.0000
../data/raw/worms/extracted/20250318/image_01312.npy,Not enough keypoints in query image,0.0000
../data/raw/worms/extracted/20250318/image_01313.npy,Not enough keypoints in query image,0.0000
../data/raw/worms/extracted/20250318/image_01314.npy,Not enough keypoints in query image,0.0000
../data/raw/worms/extracted/20250318/image_01315.npy,Not enough keypoints in query image,0.0000
../data/raw/worms/extracted/20250318/image_01316.npy,Not enough keypoints in query image,0.0000
../data/raw/worms/extracted/20250318/image_01317.npy,Not enough keypoints in query image,0.0000
../data/raw/worms/extracted/20250318/image_01318.npy,Not enough keypoints in query image,0.0000
../data/raw/worms/extracted/20250318/image_01319.npy,Not enough keypoints in query image,0.0000
../data/raw/worms/extracted/20250318/image_01320.npy,Not enough keypoints in query image,0.0000
../data/raw/worms/extracted/20250318/image_01321.npy,Not enough keypoints in query image,0.0000
../data/raw/worms/extracted/20250318/image_01322.npy,Not enough keypoints in query image,0.0000
../data/raw/worms/extracted/20250318/image_01323.npy,Not enough keypoints in query image,0.0000
../data/raw/worms/extracted/20250318/image_01324.npy,Not enough keypoints in query image,0.0000
../data/raw/worms/extracted/20250318/image_01325.npy,Not enough keypoints in query image,0.0000
../data/raw/worms/extracted/20250318/image_01326.npy,Not enough keypoints in query image,0.0000
../data/raw/worms/extracted/20250318/image_01327.npy,Not enough keypoints in query image,0.0000
../data/raw/worms/extracted/20250318/image_01328.npy,Not enough keypoints in query image,0.0000
../data/raw/worms/extracted/20250318/image_01329.npy,Not enough keypoints in query image,0.0000
../data/raw/worms/extracted/20250318/image_01330.npy,Not enough keypoints in query image,0.0000
../data/raw/worms/extracted/20250318/image_01331.npy,../data/interim/event_imgs/128050000.jpg,0.7143
../data/raw/worms/extracted/20250318/image_01332.npy,../data/interim/event_imgs/283600000.jpg,0.6429
../data/raw/worms/extracted/20250318/image_01333.npy,../data/interim/event_imgs/105250000.jpg,0.6222
../data/raw/worms/extracted/20250318/image_01334.npy,../data/interim/event_imgs/157300000.jpg,0.4255
../data/raw/worms/extracted/20250318/image_01335.npy,../data/interim/event_imgs/181300000.jpg,0.3425
../data/raw/worms/extracted/20250318/image_01336.npy,../data/interim/event_imgs/250000.jpg,0.3881
../data/raw/worms/extracted/20250318/image_01337.npy,../data/interim/event_imgs/141550000.jpg,0.4040
../data/raw/worms/extracted/20250318/image_01338.npy,../data/interim/event_imgs/143500000.jpg,0.4878
../data/raw/worms/extracted/20250318/image_01339.npy,../data/interim/event_imgs/136600000.jpg,0.5161
../data/raw/worms/extracted/20250318/image_01340.npy,../data/interim/event_imgs/180850000.jpg,0.4630
../data/raw/worms/extracted/20250318/image_01341.npy,../data/interim/event_imgs/179350000.jpg,0.2709
../data/raw/worms/extracted/20250318/image_01342.npy,../data/interim/event_imgs/281050000.jpg,0.2755
../data/raw/worms/extracted/20250318/image_01343.npy,../data/interim/event_imgs/160600000.jpg,0.3564
../data/raw/worms/extracted/20250318/image_01344.npy,../data/interim/event_imgs/151150000.jpg,0.4889
../data/raw/worms/extracted/20250318/image_01345.npy,../data/interim/event_imgs/218200000.jpg,0.5294
../data/raw/worms/extracted/20250318/image_01346.npy,../data/interim/event_imgs/101650000.jpg,0.5556
../data/raw/worms/extracted/20250318/image_01347.npy,Not enough keypoints in query image,0.0000
../data/raw/worms/extracted/20250318/image_01348.npy,Not enough keypoints in query image,0.0000
../data/raw/worms/extracted/20250318/image_01349.npy,Not enough keypoints in query image,0.0000
../data/raw/worms/extracted/20250318/image_01350.npy,Not enough keypoints in query image,0.0000
../data/raw/worms/extracted/20250318/image_01351.npy,Not enough keypoints in query image,0.0000
../data/raw/worms/extracted/20250318/image_01352.npy,Not enough keypoints in query image,0.0000
../data/raw/worms/extracted/20250318/image_01353.npy,Not enough keypoints in query image,0.0000
../data/raw/worms/extracted/20250318/image_01354.npy,Not enough keypoints in query image,0.0000
../data/raw/worms/extracted/20250318/image_01355.npy,Not enough keypoints in query image,0.0000
../data/raw/worms/extracted/20250318/image_01356.npy,Not enough keypoints in query image,0.0000
../data/raw/worms/extracted/20250318/image_01357.npy,Not enough keypoints in query image,0.0000
../data/raw/worms/extracted/20250318/image_01358.npy,Not enough keypoints in query image,0.0000
../data/raw/worms/extracted/20250318/image_01359.npy,Not enough keypoints in query image,0.0000
../data/raw/worms/extracted/20250318/image_01360.npy,Not enough keypoints in query image,0.0000
../data/raw/worms/extracted/20250318/image_01361.npy,Not enough keypoints in query image,0.0000
../data/raw/worms/extracted/20250318/image_01362.npy,Not enough keypoints in query image,0.0000
../data/raw/worms/extracted/20250318/image_01363.npy,../data/interim/event_imgs/128650000.jpg,0.5192
../data/raw/worms/extracted/20250318/image_01364.npy,../data/interim/event_imgs/181750000.jpg,0.3490
../data/raw/worms/extracted/20250318/image_01365.npy,../data/interim/event_imgs/143500000.jpg,0.4146
../data/raw/worms/extracted/20250318/image_01366.npy,../data/interim/event_imgs/135700000.jpg,0.2448
../data/raw/worms/extracted/20250318/image_01367.npy,../data/interim/event_imgs/160300000.jpg,0.2157
../data/raw/worms/extracted/20250318/image_01368.npy,../data/interim/event_imgs/127900000.jpg,0.2391
../data/raw/worms/extracted/20250318/image_01369.npy,../data/interim/event_imgs/131350000.jpg,0.2400
../data/raw/worms/extracted/20250318/image_01370.npy,../data/interim/event_imgs/148450000.jpg,0.4095
../data/raw/worms/extracted/20250318/image_01371.npy,../data/interim/event_imgs/135550000.jpg,0.5254
../data/raw/worms/extracted/20250318/image_01372.npy,../data/interim/event_imgs/160300000.jpg,0.5441
../data/raw/worms/extracted/20250318/image_01373.npy,../data/interim/event_imgs/148150000.jpg,0.4684
../data/raw/worms/extracted/20250318/image_01374.npy,../data/interim/event_imgs/82600000.jpg,0.7143
../data/raw/worms/extracted/20250318/image_01375.npy,Not enough keypoints in query image,0.0000
../data/raw/worms/extracted/20250318/image_01376.npy,../data/interim/event_imgs/147250000.jpg,0.7500
../data/raw/worms/extracted/20250318/image_01377.npy,../data/interim/event_imgs/100000.jpg,0.7143
../data/raw/worms/extracted/20250318/image_01378.npy,Not enough keypoints in query image,0.0000
../data/raw/worms/extracted/20250318/image_01379.npy,Not enough keypoints in query image,0.0000
../data/raw/worms/extracted/20250318/image_01380.npy,Not enough keypoints in query image,0.0000
../data/raw/worms/extracted/20250318/image_01381.npy,Not enough keypoints in query image,0.0000
../data/raw/worms/extracted/20250318/image_01382.npy,Not enough keypoints in query image,0.0000
../data/raw/worms/extracted/20250318/image_01383.npy,Not enough keypoints in query image,0.0000
../data/raw/worms/extracted/20250318/image_01384.npy,Not enough keypoints in query image,0.0000
../data/raw/worms/extracted/20250318/image_01385.npy,Not enough keypoints in query image,0.0000
../data/raw/worms/extracted/20250318/image_01386.npy,Not enough keypoints in query image,0.0000
../data/raw/worms/extracted/20250318/image_01387.npy,Not enough keypoints in query image,0.0000
../data/raw/worms/extracted/20250318/image_01388.npy,../data/interim/event_imgs/1251000.jpg,0.7222
../data/raw/worms/extracted/20250318/image_01389.npy,../data/interim/event_imgs/158950000.jpg,0.6522
../data/raw/worms/extracted/20250318/image_01390.npy,Not enough keypoints in query image,0.0000
../data/raw/worms/extracted/20250318/image_01391.npy,Not enough keypoints in query image,0.0000
../data/raw/worms/extracted/20250318/image_01392.npy,Not enough keypoints in query image,0.0000
../data/raw/worms/extracted/20250318/image_01393.npy,Not enough keypoints in query image,0.0000
../data/raw/worms/extracted/20250318/image_01394.npy,Not enough keypoints in query image,0.0000
../data/raw/worms/extracted/20250318/image_01395.npy,Not enough keypoints in query image,0.0000
../data/raw/worms/extracted/20250318/image_01396.npy,Not enough keypoints in query image,0.0000
../data/raw/worms/extracted/20250318/image_01397.npy,Not enough keypoints in query image,0.0000
../data/raw/worms/extracted/20250318/image_01398.npy,Not enough keypoints in query image,0.0000
../data/raw/worms/extracted/20250318/image_01399.npy,Not enough keypoints in query image,0.0000
../data/raw/worms/extracted/20250318/image_01400.npy,Not enough keypoints in query image,0.0000
../data/raw/worms/extracted/20250318/image_01401.npy,Not enough keypoints in query image,0.0000
../data/raw/worms/extracted/20250318/image_01402.npy,Not enough keypoints in query image,0.0000
../data/raw/worms/extracted/20250318/image_01403.npy,Not enough keypoints in query image,0.0000
../data/raw/worms/extracted/20250318/image_01404.npy,Not enough keypoints in query image,0.0000
../data/raw/worms/extracted/20250318/image_01405.npy,Not enough keypoints in query image,0.0000
../data/raw/worms/extracted/20250318/image_01406.npy,Not enough keypoints in query image,0.0000
../data/raw/worms/extracted/20250318/image_01407.npy,Not enough keypoints in query image,0.0000
../data/raw/worms/extracted/20250318/image_01408.npy,Not enough keypoints in query image,0.0000
../data/raw/worms/extracted/20250318/image_01409.npy,Not enough keypoints in query image,0.0000
../data/raw/worms/extracted/20250318/image_01410.npy,Not enough keypoints in query image,0.0000
../data/raw/worms/extracted/20250318/image_01411.npy,Not enough keypoints in query image,0.0000
../data/raw/worms/extracted/20250318/image_01412.npy,Not enough keypoints in query image,0.0000
../data/raw/worms/extracted/20250318/image_01413.npy,Not enough keypoints in query image,0.0000
../data/raw/worms/extracted/20250318/image_01414.npy,Not enough keypoints in query image,0.0000
../data/raw/worms/extracted/20250318/image_01415.npy,Not enough keypoints in query image,0.0000
../data/raw/worms/extracted/20250318/image_01416.npy,Not enough keypoints in query image,0.0000
../data/raw/worms/extracted/20250318/image_01417.npy,Not enough keypoints in query image,0.0000
../data/raw/worms/extracted/20250318/image_01418.npy,Not enough keypoints in query image,0.0000
../data/raw/worms/extracted/20250318/image_01419.npy,Not enough keypoints in query image,0.0000
../data/raw/worms/extracted/20250318/image_01420.npy,Not enough keypoints in query image,0.0000
../data/raw/worms/extracted/20250318/image_01421.npy,Not enough keypoints in query image,0.0000
../data/raw/worms/extracted/20250318/image_01422.npy,Not enough keypoints in query image,0.0000
../data/raw/worms/extracted/20250318/image_01423.npy,Not enough keypoints in query image,0.0000
../data/raw/worms/extracted/20250318/image_01424.npy,Not enough keypoints in query image,0.0000
../data/raw/worms/extracted/20250318/image_01425.npy,../data/interim/event_imgs/210250000.jpg,0.7500
../data/raw/worms/extracted/20250318/image_01426.npy,../data/interim/event_imgs/210250000.jpg,0.8824
../data/raw/worms/extracted/20250318/image_01427.npy,../data/interim/event_imgs/104650000.jpg,0.3494
../data/raw/worms/extracted/20250318/image_01428.npy,../data/interim/event_imgs/181750000.jpg,0.2722
../data/raw/worms/extracted/20250318/image_01429.npy,../data/interim/event_imgs/127900000.jpg,0.3353
../data/raw/worms/extracted/20250318/image_01430.npy,../data/interim/event_imgs/179500000.jpg,0.6667
../data/raw/worms/extracted/20250318/image_01431.npy,../data/interim/event_imgs/160000000.jpg,0.5652
../data/raw/worms/extracted/20250318/image_01432.npy,../data/interim/event_imgs/157450000.jpg,0.5000
../data/raw/worms/extracted/20250318/image_01433.npy,Not enough keypoints in query image,0.0000
../data/raw/worms/extracted/20250318/image_01434.npy,../data/interim/event_imgs/130450000.jpg,0.6136
../data/raw/worms/extracted/20250318/image_01435.npy,../data/interim/event_imgs/138250000.jpg,0.3923
../data/raw/worms/extracted/20250318/image_01436.npy,../data/interim/event_imgs/236800000.jpg,0.8750
../data/raw/worms/extracted/20250318/image_01437.npy,Not enough keypoints in query image,0.0000
../data/raw/worms/extracted/20250318/image_01438.npy,Not enough keypoints in query image,0.0000
../data/raw/worms/extracted/20250318/image_01439.npy,Not enough keypoints in query image,0.0000
../data/raw/worms/extracted/20250318/image_01440.npy,../data/interim/event_imgs/217150000.jpg,0.5686
../data/raw/worms/extracted/20250318/image_01441.npy,../data/interim/event_imgs/400000.jpg,0.4000
../data/raw/worms/extracted/20250318/image_01442.npy,../data/interim/event_imgs/280900000.jpg,0.3814
../data/raw/worms/extracted/20250318/image_01443.npy,../data/interim/event_imgs/227050000.jpg,0.5000
../data/raw/worms/extracted/20250318/image_01444.npy,../data/interim/event_imgs/127900000.jpg,0.6429
../data/raw/worms/extracted/20250318/image_01445.npy,../data/interim/event_imgs/134200000.jpg,0.6818
../data/raw/worms/extracted/20250318/image_01446.npy,../data/interim/event_imgs/219250000.jpg,0.8571
../data/raw/worms/extracted/20250318/image_01447.npy,../data/interim/event_imgs/217150000.jpg,0.9091
../data/raw/worms/extracted/20250318/image_01448.npy,Not enough keypoints in query image,0.0000
../data/raw/worms/extracted/20250318/image_01449.npy,Not enough keypoints in query image,0.0000
../data/raw/worms/extracted/20250318/image_01450.npy,Not enough keypoints in query image,0.0000
../data/raw/worms/extracted/20250318/image_01451.npy,../data/interim/event_imgs/223750000.jpg,0.5513
../data/raw/worms/extracted/20250318/image_01452.npy,../data/interim/event_imgs/98800000.jpg,0.6842
../data/raw/worms/extracted/20250318/image_01453.npy,Not enough keypoints in query image,0.0000
../data/raw/worms/extracted/20250318/image_01454.npy,Not enough keypoints in query image,0.0000
../data/raw/worms/extracted/20250318/image_01455.npy,Not enough keypoints in query image,0.0000
../data/raw/worms/extracted/20250318/image_01456.npy,Not enough keypoints in query image,0.0000
../data/raw/worms/extracted/20250318/image_01457.npy,Not enough keypoints in query image,0.0000
../data/raw/worms/extracted/20250318/image_01458.npy,Not enough keypoints in query image,0.0000
../data/raw/worms/extracted/20250318/image_01459.npy,Not enough keypoints in query image,0.0000
../data/raw/worms/extracted/20250318/image_01460.npy,Not enough keypoints in query image,0.0000
../data/raw/worms/extracted/20250318/image_01461.npy,Not enough keypoints in query image,0.0000
../data/raw/worms/extracted/20250318/image_01462.npy,Not enough keypoints in query image,0.0000
../data/raw/worms/extracted/20250318/image_01463.npy,Not enough keypoints in query image,0.0000
../data/raw/worms/extracted/20250318/image_01464.npy,Not enough keypoints in query image,0.0000
../data/raw/worms/extracted/20250318/image_01465.npy,Not enough keypoints in query image,0.0000
../data/raw/worms/extracted/20250318/image_01466.npy,Not enough keypoints in query image,0.0000
../data/raw/worms/extracted/20250318/image_01467.npy,Not enough keypoints in query image,0.0000
../data/raw/worms/extracted/20250318/image_01468.npy,Not enough keypoints in query image,0.0000
../data/raw/worms/extracted/20250318/image_01469.npy,Not enough keypoints in query image,0.0000
../data/raw/worms/extracted/20250318/image_01470.npy,Not enough keypoints in query image,0.0000
../data/raw/worms/extracted/20250318/image_01471.npy,Not enough keypoints in query image,0.0000
../data/raw/worms/extracted/20250318/image_01472.npy,Not enough keypoints in query image,0.0000
../data/raw/worms/extracted/20250318/image_01473.npy,Not enough keypoints in query image,0.0000
../data/raw/worms/extracted/20250318/image_01474.npy,Not enough keypoints in query image,0.0000
../data/raw/worms/extracted/20250318/image_01475.npy,Not enough keypoints in query image,0.0000
../data/raw/worms/extracted/20250318/image_01476.npy,Not enough keypoints in query image,0.0000
../data/raw/worms/extracted/20250318/image_01477.npy,Not enough keypoints in query image,0.0000
../data/raw/worms/extracted/20250318/image_01478.npy,Not enough keypoints in query image,0.0000
../data/raw/worms/extracted/20250318/image_01479.npy,Not enough keypoints in query image,0.0000
../data/raw/worms/extracted/20250318/image_01480.npy,Not enough keypoints in query image,0.0000
../data/raw/worms/extracted/20250318/image_01481.npy,Not enough keypoints in query image,0.0000
../data/raw/worms/extracted/20250318/image_01482.npy,Not enough keypoints in query image,0.0000
../data/raw/worms/extracted/20250318/image_01483.npy,Not enough keypoints in query image,0.0000
../data/raw/worms/extracted/20250318/image_01484.npy,Not enough keypoints in query image,0.0000
../data/raw/worms/extracted/20250318/image_01485.npy,Not enough keypoints in query image,0.0000
../data/raw/worms/extracted/20250318/image_01486.npy,Not enough keypoints in query image,0.0000
../data/raw/worms/extracted/20250318/image_01487.npy,Not enough keypoints in query image,0.0000
../data/raw/worms/extracted/20250318/image_01488.npy,Not enough keypoints in query image,0.0000
../data/raw/worms/extracted/20250318/image_01489.npy,Not enough keypoints in query image,0.0000
../data/raw/worms/extracted/20250318/image_01490.npy,../data/interim/event_imgs/235900000.jpg,1.0000
../data/raw/worms/extracted/20250318/image_01491.npy,../data/interim/event_imgs/150550000.jpg,0.3571
../data/raw/worms/extracted/20250318/image_01492.npy,../data/interim/event_imgs/128800000.jpg,0.5119
../data/raw/worms/extracted/20250318/image_01493.npy,../data/interim/event_imgs/91900000.jpg,0.6053
../data/raw/worms/extracted/20250318/image_01494.npy,../data/interim/event_imgs/157300000.jpg,0.4124
../data/raw/worms/extracted/20250318/image_01495.npy,../data/interim/event_imgs/127900000.jpg,0.3600
../data/raw/worms/extracted/20250318/image_01496.npy,../data/interim/event_imgs/146500000.jpg,0.4578
../data/raw/worms/extracted/20250318/image_01497.npy,../data/interim/event_imgs/127600000.jpg,0.8182
../data/raw/worms/extracted/20250318/image_01498.npy,../data/interim/event_imgs/104650000.jpg,0.5283
../data/raw/worms/extracted/20250318/image_01499.npy,../data/interim/event_imgs/157300000.jpg,0.3797
../data/raw/worms/extracted/20250318/image_01500.npy,../data/interim/event_imgs/160450000.jpg,0.3923
../data/raw/worms/extracted/20250318/image_01501.npy,../data/interim/event_imgs/104650000.jpg,0.3609
../data/raw/worms/extracted/20250318/image_01502.npy,../data/interim/event_imgs/143500000.jpg,0.5849
../data/raw/worms/extracted/20250318/image_01503.npy,../data/interim/event_imgs/156400000.jpg,0.6786
../data/raw/worms/extracted/20250318/image_01504.npy,../data/interim/event_imgs/144100000.jpg,0.3879
../data/raw/worms/extracted/20250318/image_01505.npy,../data/interim/event_imgs/135100000.jpg,0.6296
../data/raw/worms/extracted/20250318/image_01506.npy,../data/interim/event_imgs/137050000.jpg,0.4571
../data/raw/worms/extracted/20250318/image_01507.npy,../data/interim/event_imgs/128350000.jpg,0.3000
../data/raw/worms/extracted/20250318/image_01508.npy,../data/interim/event_imgs/138250000.jpg,0.3014
../data/raw/worms/extracted/20250318/image_01509.npy,../data/interim/event_imgs/160300000.jpg,0.3007
../data/raw/worms/extracted/20250318/image_01510.npy,../data/interim/event_imgs/92500000.jpg,0.3353
../data/raw/worms/extracted/20250318/image_01511.npy,../data/interim/event_imgs/160300000.jpg,0.3544
../data/raw/worms/extracted/20250318/image_01512.npy,../data/interim/event_imgs/104650000.jpg,0.2634
../data/raw/worms/extracted/20250318/image_01513.npy,../data/interim/event_imgs/150850000.jpg,0.2690
../data/raw/worms/extracted/20250318/image_01514.npy,../data/interim/event_imgs/128200000.jpg,0.5106
../data/raw/worms/extracted/20250318/image_01515.npy,../data/interim/event_imgs/210250000.jpg,0.7391
../data/raw/worms/extracted/20250318/image_01516.npy,Not enough keypoints in query image,0.0000
../data/raw/worms/extracted/20250318/image_01517.npy,Not enough keypoints in query image,0.0000
../data/raw/worms/extracted/20250318/image_01518.npy,Not enough keypoints in query image,0.0000
../data/raw/worms/extracted/20250318/image_01519.npy,Not enough keypoints in query image,0.0000
../data/raw/worms/extracted/20250318/image_01520.npy,Not enough keypoints in query image,0.0000
../data/raw/worms/extracted/20250318/image_01521.npy,Not enough keypoints in query image,0.0000
../data/raw/worms/extracted/20250318/image_01522.npy,Not enough keypoints in query image,0.0000
../data/raw/worms/extracted/20250318/image_01523.npy,Not enough keypoints in query image,0.0000
../data/raw/worms/extracted/20250318/image_01524.npy,Not enough keypoints in query image,0.0000
../data/raw/worms/extracted/20250318/image_01525.npy,Not enough keypoints in query image,0.0000
../data/raw/worms/extracted/20250318/image_01526.npy,Not enough keypoints in query image,0.0000
../data/raw/worms/extracted/20250318/image_01527.npy,Not enough keypoints in query image,0.0000
../data/raw/worms/extracted/20250318/image_01528.npy,Not enough keypoints in query image,0.0000
../data/raw/worms/extracted/20250318/image_01529.npy,Not enough keypoints in query image,0.0000
../data/raw/worms/extracted/20250318/image_01530.npy,Not enough keypoints in query image,0.0000
../data/raw/worms/extracted/20250318/image_01531.npy,Not enough keypoints in query image,0.0000
../data/raw/worms/extracted/20250318/image_01532.npy,Not enough keypoints in query image,0.0000
../data/raw/worms/extracted/20250318/image_01533.npy,Not enough keypoints in query image,0.0000
../data/raw/worms/extracted/20250318/image_01534.npy,Not enough keypoints in query image,0.0000
../data/raw/worms/extracted/20250318/image_01535.npy,Not enough keypoints in query image,0.0000
../data/raw/worms/extracted/20250318/image_01536.npy,Not enough keypoints in query image,0.0000
../data/raw/worms/extracted/20250318/image_01537.npy,Not enough keypoints in query image,0.0000
../data/raw/worms/extracted/20250318/image_01538.npy,Not enough keypoints in query image,0.0000
../data/raw/worms/extracted/20250318/image_01539.npy,Not enough keypoints in query image,0.0000
../data/raw/worms/extracted/20250318/image_01540.npy,Not enough keypoints in query image,0.0000
../data/raw/worms/extracted/20250318/image_01541.npy,Not enough keypoints in query image,0.0000
../data/raw/worms/extracted/20250318/image_01542.npy,Not enough keypoints in query image,0.0000
../data/raw/worms/extracted/20250318/image_01543.npy,Not enough keypoints in query image,0.0000
../data/raw/worms/extracted/20250318/image_01544.npy,Not enough keypoints in query image,0.0000
../data/raw/worms/extracted/20250318/image_01545.npy,Not enough keypoints in query image,0.0000
../data/raw/worms/extracted/20250318/image_01546.npy,Not enough keypoints in query image,0.0000
../data/raw/worms/extracted/20250318/image_01547.npy,Not enough keypoints in query image,0.0000
../data/raw/worms/extracted/20250318/image_01548.npy,Not enough keypoints in query image,0.0000
../data/raw/worms/extracted/20250318/image_01549.npy,Not enough keypoints in query image,0.0000
../data/raw/worms/extracted/20250318/image_01550.npy,Not enough keypoints in query image,0.0000
../data/raw/worms/extracted/20250318/image_01551.npy,Not enough keypoints in query image,0.0000
../data/raw/worms/extracted/20250318/image_01552.npy,Not enough keypoints in query image,0.0000
../data/raw/worms/extracted/20250318/image_01553.npy,Not enough keypoints in query image,0.0000
../data/raw/worms/extracted/20250318/image_01554.npy,Not enough keypoints in query image,0.0000
../data/raw/worms/extracted/20250318/image_01555.npy,Not enough keypoints in query image,0.0000
../data/raw/worms/extracted/20250318/image_01556.npy,Not enough keypoints in query image,0.0000
../data/raw/worms/extracted/20250318/image_01557.npy,Not enough keypoints in query image,0.0000
../data/raw/worms/extracted/20250318/image_01558.npy,Not enough keypoints in query image,0.0000
../data/raw/worms/extracted/20250318/image_01559.npy,Not enough keypoints in query image,0.0000
../data/raw/worms/extracted/20250318/image_01560.npy,Not enough keypoints in query image,0.0000
../data/raw/worms/extracted/20250318/image_01561.npy,Not enough keypoints in query image,0.0000
../data/raw/worms/extracted/20250318/image_01562.npy,Not enough keypoints in query image,0.0000
../data/raw/worms/extracted/20250318/image_01563.npy,Not enough keypoints in query image,0.0000
../data/raw/worms/extracted/20250318/image_01564.npy,../data/interim/event_imgs/205450000.jpg,0.9231
../data/raw/worms/extracted/20250318/image_01565.npy,../data/interim/event_imgs/180250000.jpg,0.8571
../data/raw/worms/extracted/20250318/image_01566.npy,../data/interim/event_imgs/157300000.jpg,0.8182
../data/raw/worms/extracted/20250318/image_01567.npy,Not enough keypoints in query image,0.0000
../data/raw/worms/extracted/20250318/image_01568.npy,Not enough keypoints in query image,0.0000
../data/raw/worms/extracted/20250318/image_01569.npy,Not enough keypoints in query image,0.0000
../data/raw/worms/extracted/20250318/image_01570.npy,Not enough keypoints in query image,0.0000
../data/raw/worms/extracted/20250318/image_01571.npy,Not enough keypoints in query image,0.0000
../data/raw/worms/extracted/20250318/image_01572.npy,Not enough keypoints in query image,0.0000
../data/raw/worms/extracted/20250318/image_01573.npy,Not enough keypoints in query image,0.0000
../data/raw/worms/extracted/20250318/image_01574.npy,Not enough keypoints in query image,0.0000
../data/raw/worms/extracted/20250318/image_01575.npy,Not enough keypoints in query image,0.0000
../data/raw/worms/extracted/20250318/image_01576.npy,Not enough keypoints in query image,0.0000
../data/raw/worms/extracted/20250318/image_01577.npy,Not enough keypoints in query image,0.0000
../data/raw/worms/extracted/20250318/image_01578.npy,Not enough keypoints in query image,0.0000
../data/raw/worms/extracted/20250318/image_01579.npy,Not enough keypoints in query image,0.0000
../data/raw/worms/extracted/20250318/image_01580.npy,Not enough keypoints in query image,0.0000
../data/raw/worms/extracted/20250318/image_01581.npy,Not enough keypoints in query image,0.0000
../data/raw/worms/extracted/20250318/image_01582.npy,Not enough keypoints in query image,0.0000
../data/raw/worms/extracted/20250318/image_01583.npy,Not enough keypoints in query image,0.0000
../data/raw/worms/extracted/20250318/image_01584.npy,Not enough keypoints in query image,0.0000
../data/raw/worms/extracted/20250318/image_01585.npy,Not enough keypoints in query image,0.0000
../data/raw/worms/extracted/20250318/image_01586.npy,Not enough keypoints in query image,0.0000
../data/raw/worms/extracted/20250318/image_01587.npy,Not enough keypoints in query image,0.0000
../data/raw/worms/extracted/20250318/image_01588.npy,Not enough keypoints in query image,0.0000
../data/raw/worms/extracted/20250318/image_01589.npy,Not enough keypoints in query image,0.0000
../data/raw/worms/extracted/20250318/image_01590.npy,Not enough keypoints in query image,0.0000
../data/raw/worms/extracted/20250318/image_01591.npy,Not enough keypoints in query image,0.0000
../data/raw/worms/extracted/20250318/image_01592.npy,Not enough keypoints in query image,0.0000
../data/raw/worms/extracted/20250318/image_01593.npy,Not enough keypoints in query image,0.0000
../data/raw/worms/extracted/20250318/image_01594.npy,Not enough keypoints in query image,0.0000
../data/raw/worms/extracted/20250318/image_01595.npy,Not enough keypoints in query image,0.0000
../data/raw/worms/extracted/20250318/image_01596.npy,Not enough keypoints in query image,0.0000
../data/raw/worms/extracted/20250318/image_01597.npy,Not enough keypoints in query image,0.0000
../data/raw/worms/extracted/20250318/image_01598.npy,Not enough keypoints in query image,0.0000
../data/raw/worms/extracted/20250318/image_01599.npy,Not enough keypoints in query image,0.0000
../data/raw/worms/extracted/20250318/image_01600.npy,Not enough keypoints in query image,0.0000
../data/raw/worms/extracted/20250318/image_01601.npy,Not enough keypoints in query image,0.0000
../data/raw/worms/extracted/20250318/image_01602.npy,Not enough keypoints in query image,0.0000
../data/raw/worms/extracted/20250318/image_01603.npy,Not enough keypoints in query image,0.0000
../data/raw/worms/extracted/20250318/image_01604.npy,Not enough keypoints in query image,0.0000
../data/raw/worms/extracted/20250318/image_01605.npy,Not enough keypoints in query image,0.0000
../data/raw/worms/extracted/20250318/image_01606.npy,Not enough keypoints in query image,0.0000
../data/raw/worms/extracted/20250318/image_01607.npy,Not enough keypoints in query image,0.0000
../data/raw/worms/extracted/20250318/image_01608.npy,Not enough keypoints in query image,0.0000
../data/raw/worms/extracted/20250318/image_01609.npy,Not enough keypoints in query image,0.0000
../data/raw/worms/extracted/20250318/image_01610.npy,Not enough keypoints in query image,0.0000
../data/raw/worms/extracted/20250318/image_01611.npy,Not enough keypoints in query image,0.0000
../data/raw/worms/extracted/20250318/image_01612.npy,Not enough keypoints in query image,0.0000
../data/raw/worms/extracted/20250318/image_01613.npy,Not enough keypoints in query image,0.0000
../data/raw/worms/extracted/20250318/image_01614.npy,Not enough keypoints in query image,0.0000
../data/raw/worms/extracted/20250318/image_01615.npy,Not enough keypoints in query image,0.0000
../data/raw/worms/extracted/20250318/image_01616.npy,Not enough keypoints in query image,0.0000
../data/raw/worms/extracted/20250318/image_01617.npy,Not enough keypoints in query image,0.0000
../data/raw/worms/extracted/20250318/image_01618.npy,Not enough keypoints in query image,0.0000
../data/raw/worms/extracted/20250318/image_01619.npy,Not enough keypoints in query image,0.0000
../data/raw/worms/extracted/20250318/image_01620.npy,Not enough keypoints in query image,0.0000
../data/raw/worms/extracted/20250318/image_01621.npy,Not enough keypoints in query image,0.0000
../data/raw/worms/extracted/20250318/image_01622.npy,Not enough keypoints in query image,0.0000
../data/raw/worms/extracted/20250318/image_01623.npy,Not enough keypoints in query image,0.0000
../data/raw/worms/extracted/20250318/image_01624.npy,Not enough keypoints in query image,0.0000
../data/raw/worms/extracted/20250318/image_01625.npy,Not enough keypoints in query image,0.0000
../data/raw/worms/extracted/20250318/image_01626.npy,Not enough keypoints in query image,0.0000
../data/raw/worms/extracted/20250318/image_01627.npy,Not enough keypoints in query image,0.0000
../data/raw/worms/extracted/20250318/image_01628.npy,Not enough keypoints in query image,0.0000
../data/raw/worms/extracted/20250318/image_01629.npy,Not enough keypoints in query image,0.0000
../data/raw/worms/extracted/20250318/image_01630.npy,Not enough keypoints in query image,0.0000
../data/raw/worms/extracted/20250318/image_01631.npy,Not enough keypoints in query image,0.0000
../data/raw/worms/extracted/20250318/image_01632.npy,Not enough keypoints in query image,0.0000
../data/raw/worms/extracted/20250318/image_01633.npy,Not enough keypoints in query image,0.0000
../data/raw/worms/extracted/20250318/image_01634.npy,Not enough keypoints in query image,0.0000
../data/raw/worms/extracted/20250318/image_01635.npy,Not enough keypoints in query image,0.0000
../data/raw/worms/extracted/20250318/image_01636.npy,Not enough keypoints in query image,0.0000
../data/raw/worms/extracted/20250318/image_01637.npy,Not enough keypoints in query image,0.0000
../data/raw/worms/extracted/20250318/image_01638.npy,Not enough keypoints in query image,0.0000
../data/raw/worms/extracted/20250318/image_01639.npy,Not enough keypoints in query image,0.0000
../data/raw/worms/extracted/20250318/image_01640.npy,Not enough keypoints in query image,0.0000
../data/raw/worms/extracted/20250318/image_01641.npy,Not enough keypoints in query image,0.0000
../data/raw/worms/extracted/20250318/image_01642.npy,Not enough keypoints in query image,0.0000
../data/raw/worms/extracted/20250318/image_01643.npy,Not enough keypoints in query image,0.0000
../data/raw/worms/extracted/20250318/image_01644.npy,Not enough keypoints in query image,0.0000
../data/raw/worms/extracted/20250318/image_01645.npy,Not enough keypoints in query image,0.0000
../data/raw/worms/extracted/20250318/image_01646.npy,Not enough keypoints in query image,0.0000
../data/raw/worms/extracted/20250318/image_01647.npy,Not enough keypoints in query image,0.0000
../data/raw/worms/extracted/20250318/image_01648.npy,Not enough keypoints in query image,0.0000
../data/raw/worms/extracted/20250318/image_01649.npy,Not enough keypoints in query image,0.0000
../data/raw/worms/extracted/20250318/image_01650.npy,Not enough keypoints in query image,0.0000
../data/raw/worms/extracted/20250318/image_01651.npy,Not enough keypoints in query image,0.0000
../data/raw/worms/extracted/20250318/image_01652.npy,Not enough keypoints in query image,0.0000
../data/raw/worms/extracted/20250318/image_01653.npy,Not enough keypoints in query image,0.0000
../data/raw/worms/extracted/20250318/image_01654.npy,Not enough keypoints in query image,0.0000
../data/raw/worms/extracted/20250318/image_01655.npy,Not enough keypoints in query image,0.0000
../data/raw/worms/extracted/20250318/image_01656.npy,Not enough keypoints in query image,0.0000
../data/raw/worms/extracted/20250318/image_01657.npy,Not enough keypoints in query image,0.0000
../data/raw/worms/extracted/20250318/image_01658.npy,Not enough keypoints in query image,0.0000
../data/raw/worms/extracted/20250318/image_01659.npy,Not enough keypoints in query image,0.0000
../data/raw/worms/extracted/20250318/image_01660.npy,Not enough keypoints in query image,0.0000
../data/raw/worms/extracted/20250318/image_01661.npy,Not enough keypoints in query image,0.0000
../data/raw/worms/extracted/20250318/image_01662.npy,Not enough keypoints in query image,0.0000
../data/raw/worms/extracted/20250318/image_01663.npy,Not enough keypoints in query image,0.0000
../data/raw/worms/extracted/20250318/image_01664.npy,Not enough keypoints in query image,0.0000
../data/raw/worms/extracted/20250318/image_01665.npy,Not enough keypoints in query image,0.0000
../data/raw/worms/extracted/20250318/image_01666.npy,Not enough keypoints in query image,0.0000
../data/raw/worms/extracted/20250318/image_01667.npy,Not enough keypoints in query image,0.0000
../data/raw/worms/extracted/20250318/image_01668.npy,Not enough keypoints in query image,0.0000
../data/raw/worms/extracted/20250318/image_01669.npy,Not enough keypoints in query image,0.0000
../data/raw/worms/extracted/20250318/image_01670.npy,Not enough keypoints in query image,0.0000
../data/raw/worms/extracted/20250318/image_01671.npy,Not enough keypoints in query image,0.0000
../data/raw/worms/extracted/20250318/image_01672.npy,Not enough keypoints in query image,0.0000
../data/raw/worms/extracted/20250318/image_01673.npy,Not enough keypoints in query image,0.0000
../data/raw/worms/extracted/20250318/image_01674.npy,Not enough keypoints in query image,0.0000
../data/raw/worms/extracted/20250318/image_01675.npy,Not enough keypoints in query image,0.0000
../data/raw/worms/extracted/20250318/image_01676.npy,Not enough keypoints in query image,0.0000
../data/raw/worms/extracted/20250318/image_01677.npy,Not enough keypoints in query image,0.0000
../data/raw/worms/extracted/20250318/image_01678.npy,Not enough keypoints in query image,0.0000
../data/raw/worms/extracted/20250318/image_01679.npy,Not enough keypoints in query image,0.0000
../data/raw/worms/extracted/20250318/image_01680.npy,Not enough keypoints in query image,0.0000
../data/raw/worms/extracted/20250318/image_01681.npy,Not enough keypoints in query image,0.0000
../data/raw/worms/extracted/20250318/image_01682.npy,Not enough keypoints in query image,0.0000
../data/raw/worms/extracted/20250318/image_01683.npy,Not enough keypoints in query image,0.0000
../data/raw/worms/extracted/20250318/image_01684.npy,Not enough keypoints in query image,0.0000
../data/raw/worms/extracted/20250318/image_01685.npy,Not enough keypoints in query image,0.0000
../data/raw/worms/extracted/20250318/image_01686.npy,Not enough keypoints in query image,0.0000
../data/raw/worms/extracted/20250318/image_01687.npy,Not enough keypoints in query image,0.0000
../data/raw/worms/extracted/20250318/image_01688.npy,Not enough keypoints in query image,0.0000
../data/raw/worms/extracted/20250318/image_01689.npy,Not enough keypoints in query image,0.0000
../data/raw/worms/extracted/20250318/image_01690.npy,Not enough keypoints in query image,0.0000
../data/raw/worms/extracted/20250318/image_01691.npy,Not enough keypoints in query image,0.0000
../data/raw/worms/extracted/20250318/image_01692.npy,Not enough keypoints in query image,0.0000
../data/raw/worms/extracted/20250318/image_01693.npy,Not enough keypoints in query image,0.0000
../data/raw/worms/extracted/20250318/image_01694.npy,Not enough keypoints in query image,0.0000
../data/raw/worms/extracted/20250318/image_01695.npy,Not enough keypoints in query image,0.0000
../data/raw/worms/extracted/20250318/image_01696.npy,Not enough keypoints in query image,0.0000
../data/raw/worms/extracted/20250318/image_01697.npy,Not enough keypoints in query image,0.0000
../data/raw/worms/extracted/20250318/image_01698.npy,Not enough keypoints in query image,0.0000
../data/raw/worms/extracted/20250318/image_01699.npy,Not enough keypoints in query image,0.0000
../data/raw/worms/extracted/20250318/image_01700.npy,Not enough keypoints in query image,0.0000
../data/raw/worms/extracted/20250318/image_01701.npy,Not enough keypoints in query image,0.0000
../data/raw/worms/extracted/20250318/image_01702.npy,Not enough keypoints in query image,0.0000
../data/raw/worms/extracted/20250318/image_01703.npy,Not enough keypoints in query image,0.0000
../data/raw/worms/extracted/20250318/image_01704.npy,Not enough keypoints in query image,0.0000
../data/raw/worms/extracted/20250318/image_01705.npy,Not enough keypoints in query image,0.0000
../data/raw/worms/extracted/20250318/image_01706.npy,Not enough keypoints in query image,0.0000
../data/raw/worms/extracted/20250318/image_01707.npy,Not enough keypoints in query image,0.0000
../data/raw/worms/extracted/20250318/image_01708.npy,Not enough keypoints in query image,0.0000
../data/raw/worms/extracted/20250318/image_01709.npy,Not enough keypoints in query image,0.0000
../data/raw/worms/extracted/20250318/image_01710.npy,Not enough keypoints in query image,0.0000
../data/raw/worms/extracted/20250318/image_01711.npy,Not enough keypoints in query image,0.0000
../data/raw/worms/extracted/20250318/image_01712.npy,Not enough keypoints in query image,0.0000
../data/raw/worms/extracted/20250318/image_01713.npy,Not enough keypoints in query image,0.0000
../data/raw/worms/extracted/20250318/image_01714.npy,Not enough keypoints in query image,0.0000
../data/raw/worms/extracted/20250318/image_01715.npy,Not enough keypoints in query image,0.0000
../data/raw/worms/extracted/20250318/image_01716.npy,Not enough keypoints in query image,0.0000
../data/raw/worms/extracted/20250318/image_01717.npy,Not enough keypoints in query image,0.0000
../data/raw/worms/extracted/20250318/image_01718.npy,Not enough keypoints in query image,0.0000
../data/raw/worms/extracted/20250318/image_01719.npy,Not enough keypoints in query image,0.0000
../data/raw/worms/extracted/20250318/image_01720.npy,Not enough keypoints in query image,0.0000
../data/raw/worms/extracted/20250318/image_01721.npy,Not enough keypoints in query image,0.0000
../data/raw/worms/extracted/20250318/image_01722.npy,Not enough keypoints in query image,0.0000
../data/raw/worms/extracted/20250318/image_01723.npy,Not enough keypoints in query image,0.0000
../data/raw/worms/extracted/20250318/image_01724.npy,Not enough keypoints in query image,0.0000
../data/raw/worms/extracted/20250318/image_01725.npy,Not enough keypoints in query image,0.0000
../data/raw/worms/extracted/20250318/image_01726.npy,Not enough keypoints in query image,0.0000
../data/raw/worms/extracted/20250318/image_01727.npy,Not enough keypoints in query image,0.0000
../data/raw/worms/extracted/20250318/image_01728.npy,Not enough keypoints in query image,0.0000
../data/raw/worms/extracted/20250318/image_01729.npy,Not enough keypoints in query image,0.0000
../data/raw/worms/extracted/20250318/image_01730.npy,Not enough keypoints in query image,0.0000
../data/raw/worms/extracted/20250318/image_01731.npy,Not enough keypoints in query image,0.0000
../data/raw/worms/extracted/20250318/image_01732.npy,Not enough keypoints in query image,0.0000
../data/raw/worms/extracted/20250318/image_01733.npy,../data/interim/event_imgs/161200000.jpg,0.7407
../data/raw/worms/extracted/20250318/image_01734.npy,../data/interim/event_imgs/249550000.jpg,0.9091
../data/raw/worms/extracted/20250318/image_01735.npy,../data/interim/event_imgs/100900000.jpg,0.6667
../data/raw/worms/extracted/20250318/image_01736.npy,Not enough keypoints in query image,0.0000
../data/raw/worms/extracted/20250318/image_01737.npy,Not enough keypoints in query image,0.0000
../data/raw/worms/extracted/20250318/image_01738.npy,Not enough keypoints in query image,0.0000
../data/raw/worms/extracted/20250318/image_01739.npy,Not enough keypoints in query image,0.0000
../data/raw/worms/extracted/20250318/image_01740.npy,Not enough keypoints in query image,0.0000
../data/raw/worms/extracted/20250318/image_01741.npy,Not enough keypoints in query image,0.0000
../data/raw/worms/extracted/20250318/image_01742.npy,Not enough keypoints in query image,0.0000
../data/raw/worms/extracted/20250318/image_01743.npy,Not enough keypoints in query image,0.0000
../data/raw/worms/extracted/20250318/image_01744.npy,Not enough keypoints in query image,0.0000
../data/raw/worms/extracted/20250318/image_01745.npy,Not enough keypoints in query image,0.0000
../data/raw/worms/extracted/20250318/image_01746.npy,Not enough keypoints in query image,0.0000
../data/raw/worms/extracted/20250318/image_01747.npy,Not enough keypoints in query image,0.0000
../data/raw/worms/extracted/20250318/image_01748.npy,Not enough keypoints in query image,0.0000
../data/raw/worms/extracted/20250318/image_01749.npy,Not enough keypoints in query image,0.0000
../data/raw/worms/extracted/20250318/image_01750.npy,Not enough keypoints in query image,0.0000
../data/raw/worms/extracted/20250318/image_01751.npy,Not enough keypoints in query image,0.0000
../data/raw/worms/extracted/20250318/image_01752.npy,Not enough keypoints in query image,0.0000
../data/raw/worms/extracted/20250318/image_01753.npy,Not enough keypoints in query image,0.0000
../data/raw/worms/extracted/20250318/image_01754.npy,Not enough keypoints in query image,0.0000
../data/raw/worms/extracted/20250318/image_01755.npy,Not enough keypoints in query image,0.0000
../data/raw/worms/extracted/20250318/image_01756.npy,Not enough keypoints in query image,0.0000
../data/raw/worms/extracted/20250318/image_01757.npy,Not enough keypoints in query image,0.0000
../data/raw/worms/extracted/20250318/image_01758.npy,Not enough keypoints in query image,0.0000
../data/raw/worms/extracted/20250318/image_01759.npy,Not enough keypoints in query image,0.0000
../data/raw/worms/extracted/20250318/image_01760.npy,Not enough keypoints in query image,0.0000
../data/raw/worms/extracted/20250318/image_01761.npy,Not enough keypoints in query image,0.0000
../data/raw/worms/extracted/20250318/image_01762.npy,Not enough keypoints in query image,0.0000
../data/raw/worms/extracted/20250318/image_01763.npy,Not enough keypoints in query image,0.0000
../data/raw/worms/extracted/20250318/image_01764.npy,Not enough keypoints in query image,0.0000
../data/raw/worms/extracted/20250318/image_01765.npy,Not enough keypoints in query image,0.0000
../data/raw/worms/extracted/20250318/image_01766.npy,Not enough keypoints in query image,0.0000
../data/raw/worms/extracted/20250318/image_01767.npy,Not enough keypoints in query image,0.0000
../data/raw/worms/extracted/20250318/image_01768.npy,Not enough keypoints in query image,0.0000
../data/raw/worms/extracted/20250318/image_01769.npy,Not enough keypoints in query image,0.0000
../data/raw/worms/extracted/20250318/image_01770.npy,Not enough keypoints in query image,0.0000
../data/raw/worms/extracted/20250318/image_01771.npy,Not enough keypoints in query image,0.0000
../data/raw/worms/extracted/20250318/image_01772.npy,Not enough keypoints in query image,0.0000
../data/raw/worms/extracted/20250318/image_01773.npy,Not enough keypoints in query image,0.0000
../data/raw/worms/extracted/20250318/image_01774.npy,Not enough keypoints in query image,0.0000
../data/raw/worms/extracted/20250318/image_01775.npy,Not enough keypoints in query image,0.0000
../data/raw/worms/extracted/20250318/image_01776.npy,Not enough keypoints in query image,0.0000
../data/raw/worms/extracted/20250318/image_01777.npy,Not enough keypoints in query image,0.0000
../data/raw/worms/extracted/20250318/image_01778.npy,Not enough keypoints in query image,0.0000
../data/raw/worms/extracted/20250318/image_01779.npy,Not enough keypoints in query image,0.0000
../data/raw/worms/extracted/20250318/image_01780.npy,Not enough keypoints in query image,0.0000
../data/raw/worms/extracted/20250318/image_01781.npy,Not enough keypoints in query image,0.0000
../data/raw/worms/extracted/20250318/image_01782.npy,Not enough keypoints in query image,0.0000
../data/raw/worms/extracted/20250318/image_01783.npy,Not enough keypoints in query image,0.0000
../data/raw/worms/extracted/20250318/image_01784.npy,Not enough keypoints in query image,0.0000
../data/raw/worms/extracted/20250318/image_01785.npy,../data/interim/event_imgs/203350000.jpg,0.8750
../data/raw/worms/extracted/20250318/image_01786.npy,../data/interim/event_imgs/227950000.jpg,0.4598
../data/raw/worms/extracted/20250318/image_01787.npy,../data/interim/event_imgs/148750000.jpg,0.3717
../data/raw/worms/extracted/20250318/image_01788.npy,../data/interim/event_imgs/95800000.jpg,0.3832
../data/raw/worms/extracted/20250318/image_01789.npy,../data/interim/event_imgs/152950000.jpg,0.3015
../data/raw/worms/extracted/20250318/image_01790.npy,../data/interim/event_imgs/160300000.jpg,0.3028
../data/raw/worms/extracted/20250318/image_01791.npy,../data/interim/event_imgs/163000000.jpg,0.3786
../data/raw/worms/extracted/20250318/image_01792.npy,Not enough keypoints in query image,0.0000
../data/raw/worms/extracted/20250318/image_01793.npy,Not enough keypoints in query image,0.0000
../data/raw/worms/extracted/20250318/image_01794.npy,Not enough keypoints in query image,0.0000
../data/raw/worms/extracted/20250318/image_01795.npy,Not enough keypoints in query image,0.0000
../data/raw/worms/extracted/20250318/image_01796.npy,Not enough keypoints in query image,0.0000
../data/raw/worms/extracted/20250318/image_01797.npy,Not enough keypoints in query image,0.0000
../data/raw/worms/extracted/20250318/image_01798.npy,Not enough keypoints in query image,0.0000
../data/raw/worms/extracted/20250318/image_01799.npy,Not enough keypoints in query image,0.0000
../data/raw/worms/extracted/20250318/image_01800.npy,Not enough keypoints in query image,0.0000
../data/raw/worms/extracted/20250318/image_01801.npy,Not enough keypoints in query image,0.0000
../data/raw/worms/extracted/20250318/image_01802.npy,Not enough keypoints in query image,0.0000
../data/raw/worms/extracted/20250318/image_01803.npy,Not enough keypoints in query image,0.0000
../data/raw/worms/extracted/20250318/image_01804.npy,Not enough keypoints in query image,0.0000
../data/raw/worms/extracted/20250318/image_01805.npy,Not enough keypoints in query image,0.0000
../data/raw/worms/extracted/20250318/image_01806.npy,Not enough keypoints in query image,0.0000
../data/raw/worms/extracted/20250318/image_01807.npy,Not enough keypoints in query image,0.0000
../data/raw/worms/extracted/20250318/image_01808.npy,Not enough keypoints in query image,0.0000
../data/raw/worms/extracted/20250318/image_01809.npy,Not enough keypoints in query image,0.0000
../data/raw/worms/extracted/20250318/image_01810.npy,Not enough keypoints in query image,0.0000
../data/raw/worms/extracted/20250318/image_01811.npy,Not enough keypoints in query image,0.0000
../data/raw/worms/extracted/20250318/image_01812.npy,Not enough keypoints in query image,0.0000
../data/raw/worms/extracted/20250318/image_01813.npy,Not enough keypoints in query image,0.0000
../data/raw/worms/extracted/20250318/image_01814.npy,Not enough keypoints in query image,0.0000
../data/raw/worms/extracted/20250318/image_01815.npy,Not enough keypoints in query image,0.0000
../data/raw/worms/extracted/20250318/image_01816.npy,Not enough keypoints in query image,0.0000
../data/raw/worms/extracted/20250318/image_01817.npy,Not enough keypoints in query image,0.0000
../data/raw/worms/extracted/20250318/image_01818.npy,Not enough keypoints in query image,0.0000
../data/raw/worms/extracted/20250318/image_01819.npy,Not enough keypoints in query image,0.0000
../data/raw/worms/extracted/20250318/image_01820.npy,Not enough keypoints in query image,0.0000
../data/raw/worms/extracted/20250318/image_01821.npy,Not enough keypoints in query image,0.0000
../data/raw/worms/extracted/20250318/image_01822.npy,Not enough keypoints in query image,0.0000
../data/raw/worms/extracted/20250318/image_01823.npy,Not enough keypoints in query image,0.0000
../data/raw/worms/extracted/20250318/image_01824.npy,Not enough keypoints in query image,0.0000
../data/raw/worms/extracted/20250318/image_01825.npy,../data/interim/event_imgs/1150000.jpg,1.0000
../data/raw/worms/extracted/20250318/image_01826.npy,../data/interim/event_imgs/173800000.jpg,0.7308
../data/raw/worms/extracted/20250318/image_01827.npy,../data/interim/event_imgs/160600000.jpg,0.3679
../data/raw/worms/extracted/20250318/image_01828.npy,../data/interim/event_imgs/128350000.jpg,0.2968
../data/raw/worms/extracted/20250318/image_01829.npy,../data/interim/event_imgs/141550000.jpg,0.3077
../data/raw/worms/extracted/20250318/image_01830.npy,../data/interim/event_imgs/148300000.jpg,0.2814
../data/raw/worms/extracted/20250318/image_01831.npy,../data/interim/event_imgs/104650000.jpg,0.2313
../data/raw/worms/extracted/20250318/image_01832.npy,../data/interim/event_imgs/104650000.jpg,0.2103
../data/raw/worms/extracted/20250318/image_01833.npy,../data/interim/event_imgs/150850000.jpg,0.2768
../data/raw/worms/extracted/20250318/image_01834.npy,../data/interim/event_imgs/163600000.jpg,0.4769
../data/raw/worms/extracted/20250318/image_01835.npy,Not enough keypoints in query image,0.0000
../data/raw/worms/extracted/20250318/image_01836.npy,Not enough keypoints in query image,0.0000
../data/raw/worms/extracted/20250318/image_01837.npy,Not enough keypoints in query image,0.0000
../data/raw/worms/extracted/20250318/image_01838.npy,Not enough keypoints in query image,0.0000
../data/raw/worms/extracted/20250318/image_01839.npy,Not enough keypoints in query image,0.0000
../data/raw/worms/extracted/20250318/image_01840.npy,Not enough keypoints in query image,0.0000
../data/raw/worms/extracted/20250318/image_01841.npy,Not enough keypoints in query image,0.0000
../data/raw/worms/extracted/20250318/image_01842.npy,Not enough keypoints in query image,0.0000
../data/raw/worms/extracted/20250318/image_01843.npy,Not enough keypoints in query image,0.0000
../data/raw/worms/extracted/20250318/image_01844.npy,Not enough keypoints in query image,0.0000
../data/raw/worms/extracted/20250318/image_01845.npy,Not enough keypoints in query image,0.0000
../data/raw/worms/extracted/20250318/image_01846.npy,Not enough keypoints in query image,0.0000
../data/raw/worms/extracted/20250318/image_01847.npy,Not enough keypoints in query image,0.0000
../data/raw/worms/extracted/20250318/image_01848.npy,Not enough keypoints in query image,0.0000
../data/raw/worms/extracted/20250318/image_01849.npy,Not enough keypoints in query image,0.0000
../data/raw/worms/extracted/20250318/image_01850.npy,Not enough keypoints in query image,0.0000
../data/raw/worms/extracted/20250318/image_01851.npy,Not enough keypoints in query image,0.0000
../data/raw/worms/extracted/20250318/image_01852.npy,Not enough keypoints in query image,0.0000
../data/raw/worms/extracted/20250318/image_01853.npy,Not enough keypoints in query image,0.0000
../data/raw/worms/extracted/20250318/image_01854.npy,Not enough keypoints in query image,0.0000
../data/raw/worms/extracted/20250318/image_01855.npy,Not enough keypoints in query image,0.0000
../data/raw/worms/extracted/20250318/image_01856.npy,Not enough keypoints in query image,0.0000
../data/raw/worms/extracted/20250318/image_01857.npy,Not enough keypoints in query image,0.0000
../data/raw/worms/extracted/20250318/image_01858.npy,Not enough keypoints in query image,0.0000
../data/raw/worms/extracted/20250318/image_01859.npy,Not enough keypoints in query image,0.0000
../data/raw/worms/extracted/20250318/image_01860.npy,Not enough keypoints in query image,0.0000
../data/raw/worms/extracted/20250318/image_01861.npy,Not enough keypoints in query image,0.0000
../data/raw/worms/extracted/20250318/image_01862.npy,Not enough keypoints in query image,0.0000
../data/raw/worms/extracted/20250318/image_01863.npy,Not enough keypoints in query image,0.0000
../data/raw/worms/extracted/20250318/image_01864.npy,Not enough keypoints in query image,0.0000
../data/raw/worms/extracted/20250318/image_01865.npy,Not enough keypoints in query image,0.0000
../data/raw/worms/extracted/20250318/image_01866.npy,Not enough keypoints in query image,0.0000
../data/raw/worms/extracted/20250318/image_01867.npy,Not enough keypoints in query image,0.0000
../data/raw/worms/extracted/20250318/image_01868.npy,Not enough keypoints in query image,0.0000
../data/raw/worms/extracted/20250318/image_01869.npy,Not enough keypoints in query image,0.0000
../data/raw/worms/extracted/20250318/image_01870.npy,Not enough keypoints in query image,0.0000
../data/raw/worms/extracted/20250318/image_01871.npy,Not enough keypoints in query image,0.0000
../data/raw/worms/extracted/20250318/image_01872.npy,Not enough keypoints in query image,0.0000
../data/raw/worms/extracted/20250318/image_01873.npy,Not enough keypoints in query image,0.0000
../data/raw/worms/extracted/20250318/image_01874.npy,Not enough keypoints in query image,0.0000
../data/raw/worms/extracted/20250318/image_01875.npy,Not enough keypoints in query image,0.0000
../data/raw/worms/extracted/20250318/image_01876.npy,Not enough keypoints in query image,0.0000
../data/raw/worms/extracted/20250318/image_01877.npy,Not enough keypoints in query image,0.0000
../data/raw/worms/extracted/20250318/image_01878.npy,Not enough keypoints in query image,0.0000
../data/raw/worms/extracted/20250318/image_01879.npy,Not enough keypoints in query image,0.0000
../data/raw/worms/extracted/20250318/image_01880.npy,Not enough keypoints in query image,0.0000
../data/raw/worms/extracted/20250318/image_01881.npy,Not enough keypoints in query image,0.0000
../data/raw/worms/extracted/20250318/image_01882.npy,Not enough keypoints in query image,0.0000
../data/raw/worms/extracted/20250318/image_01883.npy,Not enough keypoints in query image,0.0000
../data/raw/worms/extracted/20250318/image_01884.npy,Not enough keypoints in query image,0.0000
../data/raw/worms/extracted/20250318/image_01885.npy,Not enough keypoints in query image,0.0000
../data/raw/worms/extracted/20250318/image_01886.npy,Not enough keypoints in query image,0.0000
../data/raw/worms/extracted/20250318/image_01887.npy,Not enough keypoints in query image,0.0000
../data/raw/worms/extracted/20250318/image_01888.npy,Not enough keypoints in query image,0.0000
../data/raw/worms/extracted/20250318/image_01889.npy,Not enough keypoints in query image,0.0000
../data/raw/worms/extracted/20250318/image_01890.npy,Not enough keypoints in query image,0.0000
../data/raw/worms/extracted/20250318/image_01891.npy,Not enough keypoints in query image,0.0000
../data/raw/worms/extracted/20250318/image_01892.npy,Not enough keypoints in query image,0.0000
../data/raw/worms/extracted/20250318/image_01893.npy,Not enough keypoints in query image,0.0000
../data/raw/worms/extracted/20250318/image_01894.npy,Not enough keypoints in query image,0.0000
../data/raw/worms/extracted/20250318/image_01895.npy,Not enough keypoints in query image,0.0000
../data/raw/worms/extracted/20250318/image_01896.npy,Not enough keypoints in query image,0.0000
../data/raw/worms/extracted/20250318/image_01897.npy,Not enough keypoints in query image,0.0000
../data/raw/worms/extracted/20250318/image_01898.npy,Not enough keypoints in query image,0.0000
../data/raw/worms/extracted/20250318/image_01899.npy,Not enough keypoints in query image,0.0000
../data/raw/worms/extracted/20250318/image_01900.npy,Not enough keypoints in query image,0.0000
../data/raw/worms/extracted/20250318/image_01901.npy,Not enough keypoints in query image,0.0000
../data/raw/worms/extracted/20250318/image_01902.npy,Not enough keypoints in query image,0.0000
../data/raw/worms/extracted/20250318/image_01903.npy,Not enough keypoints in query image,0.0000
../data/raw/worms/extracted/20250318/image_01904.npy,Not enough keypoints in query image,0.0000
../data/raw/worms/extracted/20250318/image_01905.npy,Not enough keypoints in query image,0.0000
../data/raw/worms/extracted/20250318/image_01906.npy,Not enough keypoints in query image,0.0000
../data/raw/worms/extracted/20250318/image_01907.npy,Not enough keypoints in query image,0.0000
../data/raw/worms/extracted/20250318/image_01908.npy,Not enough keypoints in query image,0.0000
../data/raw/worms/extracted/20250318/image_01909.npy,Not enough keypoints in query image,0.0000
../data/raw/worms/extracted/20250318/image_01910.npy,Not enough keypoints in query image,0.0000
../data/raw/worms/extracted/20250318/image_01911.npy,Not enough keypoints in query image,0.0000
../data/raw/worms/extracted/20250318/image_01912.npy,Not enough keypoints in query image,0.0000
../data/raw/worms/extracted/20250318/image_01913.npy,Not enough keypoints in query image,0.0000
../data/raw/worms/extracted/20250318/image_01914.npy,Not enough keypoints in query image,0.0000
../data/raw/worms/extracted/20250318/image_01915.npy,Not enough keypoints in query image,0.0000
../data/raw/worms/extracted/20250318/image_01916.npy,Not enough keypoints in query image,0.0000
../data/raw/worms/extracted/20250318/image_01917.npy,Not enough keypoints in query image,0.0000
../data/raw/worms/extracted/20250318/image_01918.npy,Not enough keypoints in query image,0.0000
../data/raw/worms/extracted/20250318/image_01919.npy,Not enough keypoints in query image,0.0000
../data/raw/worms/extracted/20250318/image_01920.npy,Not enough keypoints in query image,0.0000
../data/raw/worms/extracted/20250318/image_01921.npy,Not enough keypoints in query image,0.0000
../data/raw/worms/extracted/20250318/image_01922.npy,Not enough keypoints in query image,0.0000
../data/raw/worms/extracted/20250318/image_01923.npy,Not enough keypoints in query image,0.0000
../data/raw/worms/extracted/20250318/image_01924.npy,Not enough keypoints in query image,0.0000
../data/raw/worms/extracted/20250318/image_01925.npy,Not enough keypoints in query image,0.0000
../data/raw/worms/extracted/20250318/image_01926.npy,Not enough keypoints in query image,0.0000
../data/raw/worms/extracted/20250318/image_01927.npy,Not enough keypoints in query image,0.0000
../data/raw/worms/extracted/20250318/image_01928.npy,Not enough keypoints in query image,0.0000
../data/raw/worms/extracted/20250318/image_01929.npy,Not enough keypoints in query image,0.0000
../data/raw/worms/extracted/20250318/image_01930.npy,Not enough keypoints in query image,0.0000
../data/raw/worms/extracted/20250318/image_01931.npy,Not enough keypoints in query image,0.0000
../data/raw/worms/extracted/20250318/image_01932.npy,Not enough keypoints in query image,0.0000
../data/raw/worms/extracted/20250318/image_01933.npy,Not enough keypoints in query image,0.0000
../data/raw/worms/extracted/20250318/image_01934.npy,Not enough keypoints in query image,0.0000
../data/raw/worms/extracted/20250318/image_01935.npy,Not enough keypoints in query image,0.0000
../data/raw/worms/extracted/20250318/image_01936.npy,Not enough keypoints in query image,0.0000
../data/raw/worms/extracted/20250318/image_01937.npy,Not enough keypoints in query image,0.0000
../data/raw/worms/extracted/20250318/image_01938.npy,Not enough keypoints in query image,0.0000
../data/raw/worms/extracted/20250318/image_01939.npy,Not enough keypoints in query image,0.0000
../data/raw/worms/extracted/20250318/image_01940.npy,Not enough keypoints in query image,0.0000
../data/raw/worms/extracted/20250318/image_01941.npy,Not enough keypoints in query image,0.0000
../data/raw/worms/extracted/20250318/image_01942.npy,Not enough keypoints in query image,0.0000
../data/raw/worms/extracted/20250318/image_01943.npy,Not enough keypoints in query image,0.0000
../data/raw/worms/extracted/20250318/image_01944.npy,Not enough keypoints in query image,0.0000
../data/raw/worms/extracted/20250318/image_01945.npy,Not enough keypoints in query image,0.0000
../data/raw/worms/extracted/20250318/image_01946.npy,Not enough keypoints in query image,0.0000
../data/raw/worms/extracted/20250318/image_01947.npy,Not enough keypoints in query image,0.0000
../data/raw/worms/extracted/20250318/image_01948.npy,Not enough keypoints in query image,0.0000
../data/raw/worms/extracted/20250318/image_01949.npy,Not enough keypoints in query image,0.0000
../data/raw/worms/extracted/20250318/image_01950.npy,Not enough keypoints in query image,0.0000
../data/raw/worms/extracted/20250318/image_01951.npy,Not enough keypoints in query image,0.0000
../data/raw/worms/extracted/20250318/image_01952.npy,Not enough keypoints in query image,0.0000
../data/raw/worms/extracted/20250318/image_01953.npy,Not enough keypoints in query image,0.0000
../data/raw/worms/extracted/20250318/image_01954.npy,Not enough keypoints in query image,0.0000
../data/raw/worms/extracted/20250318/image_01955.npy,Not enough keypoints in query image,0.0000
../data/raw/worms/extracted/20250318/image_01956.npy,Not enough keypoints in query image,0.0000
../data/raw/worms/extracted/20250318/image_01957.npy,Not enough keypoints in query image,0.0000
../data/raw/worms/extracted/20250318/image_01958.npy,Not enough keypoints in query image,0.0000
../data/raw/worms/extracted/20250318/image_01959.npy,Not enough keypoints in query image,0.0000
../data/raw/worms/extracted/20250318/image_01960.npy,Not enough keypoints in query image,0.0000
../data/raw/worms/extracted/20250318/image_01961.npy,Not enough keypoints in query image,0.0000
../data/raw/worms/extracted/20250318/image_01962.npy,Not enough keypoints in query image,0.0000
../data/raw/worms/extracted/20250318/image_01963.npy,Not enough keypoints in query image,0.0000
../data/raw/worms/extracted/20250318/image_01964.npy,Not enough keypoints in query image,0.0000
../data/raw/worms/extracted/20250318/image_01965.npy,Not enough keypoints in query image,0.0000
../data/raw/worms/extracted/20250318/image_01966.npy,Not enough keypoints in query image,0.0000
../data/raw/worms/extracted/20250318/image_01967.npy,Not enough keypoints in query image,0.0000
../data/raw/worms/extracted/20250318/image_01968.npy,Not enough keypoints in query image,0.0000
../data/raw/worms/extracted/20250318/image_01969.npy,Not enough keypoints in query image,0.0000
../data/raw/worms/extracted/20250318/image_01970.npy,Not enough keypoints in query image,0.0000
../data/raw/worms/extracted/20250318/image_01971.npy,Not enough keypoints in query image,0.0000
../data/raw/worms/extracted/20250318/image_01972.npy,Not enough keypoints in query image,0.0000
../data/raw/worms/extracted/20250318/image_01973.npy,Not enough keypoints in query image,0.0000
../data/raw/worms/extracted/20250318/image_01974.npy,Not enough keypoints in query image,0.0000
../data/raw/worms/extracted/20250318/image_01975.npy,Not enough keypoints in query image,0.0000
../data/raw/worms/extracted/20250318/image_01976.npy,Not enough keypoints in query image,0.0000
../data/raw/worms/extracted/20250318/image_01977.npy,Not enough keypoints in query image,0.0000
../data/raw/worms/extracted/20250318/image_01978.npy,Not enough keypoints in query image,0.0000
../data/raw/worms/extracted/20250318/image_01979.npy,Not enough keypoints in query image,0.0000
../data/raw/worms/extracted/20250318/image_01980.npy,Not enough keypoints in query image,0.0000
../data/raw/worms/extracted/20250318/image_01981.npy,Not enough keypoints in query image,0.0000
../data/raw/worms/extracted/20250318/image_01982.npy,Not enough keypoints in query image,0.0000
../data/raw/worms/extracted/20250318/image_01983.npy,Not enough keypoints in query image,0.0000
../data/raw/worms/extracted/20250318/image_01984.npy,Not enough keypoints in query image,0.0000
../data/raw/worms/extracted/20250318/image_01985.npy,Not enough keypoints in query image,0.0000
../data/raw/worms/extracted/20250318/image_01986.npy,Not enough keypoints in query image,0.0000
../data/raw/worms/extracted/20250318/image_01987.npy,Not enough keypoints in query image,0.0000
../data/raw/worms/extracted/20250318/image_01988.npy,Not enough keypoints in query image,0.0000
../data/raw/worms/extracted/20250318/image_01989.npy,Not enough keypoints in query image,0.0000
../data/raw/worms/extracted/20250318/image_01990.npy,Not enough keypoints in query image,0.0000
../data/raw/worms/extracted/20250318/image_01991.npy,Not enough keypoints in query image,0.0000
../data/raw/worms/extracted/20250318/image_01992.npy,Not enough keypoints in query image,0.0000
../data/raw/worms/extracted/20250318/image_01993.npy,Not enough keypoints in query image,0.0000
../data/raw/worms/extracted/20250318/image_01994.npy,Not enough keypoints in query image,0.0000
../data/raw/worms/extracted/20250318/image_01995.npy,Not enough keypoints in query image,0.0000
../data/raw/worms/extracted/20250318/image_01996.npy,Not enough keypoints in query image,0.0000
../data/raw/worms/extracted/20250318/image_01997.npy,Not enough keypoints in query image,0.0000
../data/raw/worms/extracted/20250318/image_01998.npy,Not enough keypoints in query image,0.0000
../data/raw/worms/extracted/20250318/image_01999.npy,Not enough keypoints in query image,0.0000
../data/raw/worms/extracted/20250318/image_02000.npy,Not enough keypoints in query image,0.0000
../data/raw/worms/extracted/20250318/image_02001.npy,Not enough keypoints in query image,0.0000
../data/raw/worms/extracted/20250318/image_02002.npy,Not enough keypoints in query image,0.0000
../data/raw/worms/extracted/20250318/image_02003.npy,Not enough keypoints in query image,0.0000
../data/raw/worms/extracted/20250318/image_02004.npy,Not enough keypoints in query image,0.0000
../data/raw/worms/extracted/20250318/image_02005.npy,Not enough keypoints in query image,0.0000
../data/raw/worms/extracted/20250318/image_02006.npy,Not enough keypoints in query image,0.0000
../data/raw/worms/extracted/20250318/image_02007.npy,Not enough keypoints in query image,0.0000
../data/raw/worms/extracted/20250318/image_02008.npy,Not enough keypoints in query image,0.0000
../data/raw/worms/extracted/20250318/image_02009.npy,Not enough keypoints in query image,0.0000
../data/raw/worms/extracted/20250318/image_02010.npy,Not enough keypoints in query image,0.0000
../data/raw/worms/extracted/20250318/image_02011.npy,Not enough keypoints in query image,0.0000
../data/raw/worms/extracted/20250318/image_02012.npy,Not enough keypoints in query image,0.0000
../data/raw/worms/extracted/20250318/image_02013.npy,Not enough keypoints in query image,0.0000
../data/raw/worms/extracted/20250318/image_02014.npy,Not enough keypoints in query image,0.0000
../data/raw/worms/extracted/20250318/image_02015.npy,Not enough keypoints in query image,0.0000
../data/raw/worms/extracted/20250318/image_02016.npy,Not enough keypoints in query image,0.0000
../data/raw/worms/extracted/20250318/image_02017.npy,Not enough keypoints in query image,0.0000
../data/raw/worms/extracted/20250318/image_02018.npy,Not enough keypoints in query image,0.0000
../data/raw/worms/extracted/20250318/image_02019.npy,Not enough keypoints in query image,0.0000
../data/raw/worms/extracted/20250318/image_02020.npy,Not enough keypoints in query image,0.0000
../data/raw/worms/extracted/20250318/image_02021.npy,Not enough keypoints in query image,0.0000
../data/raw/worms/extracted/20250318/image_02022.npy,Not enough keypoints in query image,0.0000
../data/raw/worms/extracted/20250318/image_02023.npy,Not enough keypoints in query image,0.0000
../data/raw/worms/extracted/20250318/image_02024.npy,Not enough keypoints in query image,0.0000
../data/raw/worms/extracted/20250318/image_02025.npy,Not enough keypoints in query image,0.0000
../data/raw/worms/extracted/20250318/image_02026.npy,Not enough keypoints in query image,0.0000
../data/raw/worms/extracted/20250318/image_02027.npy,Not enough keypoints in query image,0.0000
../data/raw/worms/extracted/20250318/image_02028.npy,Not enough keypoints in query image,0.0000
../data/raw/worms/extracted/20250318/image_02029.npy,Not enough keypoints in query image,0.0000
../data/raw/worms/extracted/20250318/image_02030.npy,Not enough keypoints in query image,0.0000
../data/raw/worms/extracted/20250318/image_02031.npy,Not enough keypoints in query image,0.0000
../data/raw/worms/extracted/20250318/image_02032.npy,Not enough keypoints in query image,0.0000
../data/raw/worms/extracted/20250318/image_02033.npy,Not enough keypoints in query image,0.0000
../data/raw/worms/extracted/20250318/image_02034.npy,Not enough keypoints in query image,0.0000
../data/raw/worms/extracted/20250318/image_02035.npy,Not enough keypoints in query image,0.0000
../data/raw/worms/extracted/20250318/image_02036.npy,Not enough keypoints in query image,0.0000
../data/raw/worms/extracted/20250318/image_02037.npy,Not enough keypoints in query image,0.0000
../data/raw/worms/extracted/20250318/image_02038.npy,Not enough keypoints in query image,0.0000
../data/raw/worms/extracted/20250318/image_02039.npy,Not enough keypoints in query image,0.0000
../data/raw/worms/extracted/20250318/image_02040.npy,Not enough keypoints in query image,0.0000
../data/raw/worms/extracted/20250318/image_02041.npy,Not enough keypoints in query image,0.0000
../data/raw/worms/extracted/20250318/image_02042.npy,Not enough keypoints in query image,0.0000
../data/raw/worms/extracted/20250318/image_02043.npy,Not enough keypoints in query image,0.0000
../data/raw/worms/extracted/20250318/image_02044.npy,Not enough keypoints in query image,0.0000
../data/raw/worms/extracted/20250318/image_02045.npy,Not enough keypoints in query image,0.0000
../data/raw/worms/extracted/20250318/image_02046.npy,Not enough keypoints in query image,0.0000
../data/raw/worms/extracted/20250318/image_02047.npy,Not enough keypoints in query image,0.0000
../data/raw/worms/extracted/20250318/image_02048.npy,Not enough keypoints in query image,0.0000
../data/raw/worms/extracted/20250318/image_02049.npy,Not enough keypoints in query image,0.0000
../data/raw/worms/extracted/20250318/image_02050.npy,Not enough keypoints in query image,0.0000
../data/raw/worms/extracted/20250318/image_02051.npy,Not enough keypoints in query image,0.0000
../data/raw/worms/extracted/20250318/image_02052.npy,Not enough keypoints in query image,0.0000
../data/raw/worms/extracted/20250318/image_02053.npy,Not enough keypoints in query image,0.0000
../data/raw/worms/extracted/20250318/image_02054.npy,Not enough keypoints in query image,0.0000
../data/raw/worms/extracted/20250318/image_02055.npy,Not enough keypoints in query image,0.0000
../data/raw/worms/extracted/20250318/image_02056.npy,Not enough keypoints in query image,0.0000
../data/raw/worms/extracted/20250318/image_02057.npy,Not enough keypoints in query image,0.0000
../data/raw/worms/extracted/20250318/image_02058.npy,Not enough keypoints in query image,0.0000
../data/raw/worms/extracted/20250318/image_02059.npy,Not enough keypoints in query image,0.0000
../data/raw/worms/extracted/20250318/image_02060.npy,Not enough keypoints in query image,0.0000
../data/raw/worms/extracted/20250318/image_02061.npy,Not enough keypoints in query image,0.0000
../data/raw/worms/extracted/20250318/image_02062.npy,Not enough keypoints in query image,0.0000
../data/raw/worms/extracted/20250318/image_02063.npy,Not enough keypoints in query image,0.0000
../data/raw/worms/extracted/20250318/image_02064.npy,Not enough keypoints in query image,0.0000
../data/raw/worms/extracted/20250318/image_02065.npy,Not enough keypoints in query image,0.0000
../data/raw/worms/extracted/20250318/image_02066.npy,Not enough keypoints in query image,0.0000
../data/raw/worms/extracted/20250318/image_02067.npy,Not enough keypoints in query image,0.0000
../data/raw/worms/extracted/20250318/image_02068.npy,Not enough keypoints in query image,0.0000
../data/raw/worms/extracted/20250318/image_02069.npy,Not enough keypoints in query image,0.0000
../data/raw/worms/extracted/20250318/image_02070.npy,Not enough keypoints in query image,0.0000
../data/raw/worms/extracted/20250318/image_02071.npy,Not enough keypoints in query image,0.0000
../data/raw/worms/extracted/20250318/image_02072.npy,Not enough keypoints in query image,0.0000
../data/raw/worms/extracted/20250318/image_02073.npy,Not enough keypoints in query image,0.0000
../data/raw/worms/extracted/20250318/image_02074.npy,Not enough keypoints in query image,0.0000
../data/raw/worms/extracted/20250318/image_02075.npy,Not enough keypoints in query image,0.0000
../data/raw/worms/extracted/20250318/image_02076.npy,Not enough keypoints in query image,0.0000
../data/raw/worms/extracted/20250318/image_02077.npy,Not enough keypoints in query image,0.0000
../data/raw/worms/extracted/20250318/image_02078.npy,Not enough keypoints in query image,0.0000
../data/raw/worms/extracted/20250318/image_02079.npy,Not enough keypoints in query image,0.0000
../data/raw/worms/extracted/20250318/image_02080.npy,Not enough keypoints in query image,0.0000
../data/raw/worms/extracted/20250318/image_02081.npy,Not enough keypoints in query image,0.0000
../data/raw/worms/extracted/20250318/image_02082.npy,Not enough keypoints in query image,0.0000
../data/raw/worms/extracted/20250318/image_02083.npy,Not enough keypoints in query image,0.0000
../data/raw/worms/extracted/20250318/image_02084.npy,Not enough keypoints in query image,0.0000
../data/raw/worms/extracted/20250318/image_02085.npy,Not enough keypoints in query image,0.0000
../data/raw/worms/extracted/20250318/image_02086.npy,Not enough keypoints in query image,0.0000
../data/raw/worms/extracted/20250318/image_02087.npy,Not enough keypoints in query image,0.0000
../data/raw/worms/extracted/20250318/image_02088.npy,Not enough keypoints in query image,0.0000
../data/raw/worms/extracted/20250318/image_02089.npy,Not enough keypoints in query image,0.0000
../data/raw/worms/extracted/20250318/image_02090.npy,Not enough keypoints in query image,0.0000
../data/raw/worms/extracted/20250318/image_02091.npy,Not enough keypoints in query image,0.0000
../data/raw/worms/extracted/20250318/image_02092.npy,Not enough keypoints in query image,0.0000
../data/raw/worms/extracted/20250318/image_02093.npy,Not enough keypoints in query image,0.0000
../data/raw/worms/extracted/20250318/image_02094.npy,Not enough keypoints in query image,0.0000
../data/raw/worms/extracted/20250318/image_02095.npy,Not enough keypoints in query image,0.0000
../data/raw/worms/extracted/20250318/image_02096.npy,Not enough keypoints in query image,0.0000
../data/raw/worms/extracted/20250318/image_02097.npy,Not enough keypoints in query image,0.0000
../data/raw/worms/extracted/20250318/image_02098.npy,Not enough keypoints in query image,0.0000
../data/raw/worms/extracted/20250318/image_02099.npy,Not enough keypoints in query image,0.0000
../data/raw/worms/extracted/20250318/image_02100.npy,Not enough keypoints in query image,0.0000
../data/raw/worms/extracted/20250318/image_02101.npy,Not enough keypoints in query image,0.0000
../data/raw/worms/extracted/20250318/image_02102.npy,Not enough keypoints in query image,0.0000
../data/raw/worms/extracted/20250318/image_02103.npy,Not enough keypoints in query image,0.0000
../data/raw/worms/extracted/20250318/image_02104.npy,Not enough keypoints in query image,0.0000
../data/raw/worms/extracted/20250318/image_02105.npy,Not enough keypoints in query image,0.0000
../data/raw/worms/extracted/20250318/image_02106.npy,Not enough keypoints in query image,0.0000
../data/raw/worms/extracted/20250318/image_02107.npy,Not enough keypoints in query image,0.0000
../data/raw/worms/extracted/20250318/image_02108.npy,Not enough keypoints in query image,0.0000
../data/raw/worms/extracted/20250318/image_02109.npy,Not enough keypoints in query image,0.0000
../data/raw/worms/extracted/20250318/image_02110.npy,Not enough keypoints in query image,0.0000
../data/raw/worms/extracted/20250318/image_02111.npy,Not enough keypoints in query image,0.0000
../data/raw/worms/extracted/20250318/image_02112.npy,Not enough keypoints in query image,0.0000
../data/raw/worms/extracted/20250318/image_02113.npy,Not enough keypoints in query image,0.0000
../data/raw/worms/extracted/20250318/image_02114.npy,Not enough keypoints in query image,0.0000
../data/raw/worms/extracted/20250318/image_02115.npy,Not enough keypoints in query image,0.0000
../data/raw/worms/extracted/20250318/image_02116.npy,Not enough keypoints in query image,0.0000
../data/raw/worms/extracted/20250318/image_02117.npy,Not enough keypoints in query image,0.0000
../data/raw/worms/extracted/20250318/image_02118.npy,Not enough keypoints in query image,0.0000
../data/raw/worms/extracted/20250318/image_02119.npy,Not enough keypoints in query image,0.0000
../data/raw/worms/extracted/20250318/image_02120.npy,Not enough keypoints in query image,0.0000
../data/raw/worms/extracted/20250318/image_02121.npy,Not enough keypoints in query image,0.0000
../data/raw/worms/extracted/20250318/image_02122.npy,Not enough keypoints in query image,0.0000
../data/raw/worms/extracted/20250318/image_02123.npy,Not enough keypoints in query image,0.0000
../data/raw/worms/extracted/20250318/image_02124.npy,Not enough keypoints in query image,0.0000
../data/raw/worms/extracted/20250318/image_02125.npy,Not enough keypoints in query image,0.0000
../data/raw/worms/extracted/20250318/image_02126.npy,Not enough keypoints in query image,0.0000
../data/raw/worms/extracted/20250318/image_02127.npy,Not enough keypoints in query image,0.0000
../data/raw/worms/extracted/20250318/image_02128.npy,Not enough keypoints in query image,0.0000
../data/raw/worms/extracted/20250318/image_02129.npy,Not enough keypoints in query image,0.0000
../data/raw/worms/extracted/20250318/image_02130.npy,Not enough keypoints in query image,0.0000
../data/raw/worms/extracted/20250318/image_02131.npy,Not enough keypoints in query image,0.0000
../data/raw/worms/extracted/20250318/image_02132.npy,Not enough keypoints in query image,0.0000
../data/raw/worms/extracted/20250318/image_02133.npy,Not enough keypoints in query image,0.0000
../data/raw/worms/extracted/20250318/image_02134.npy,Not enough keypoints in query image,0.0000
../data/raw/worms/extracted/20250318/image_02135.npy,Not enough keypoints in query image,0.0000
../data/raw/worms/extracted/20250318/image_02136.npy,Not enough keypoints in query image,0.0000
../data/raw/worms/extracted/20250318/image_02137.npy,Not enough keypoints in query image,0.0000
../data/raw/worms/extracted/20250318/image_02138.npy,Not enough keypoints in query image,0.0000
../data/raw/worms/extracted/20250318/image_02139.npy,Not enough keypoints in query image,0.0000
../data/raw/worms/extracted/20250318/image_02140.npy,Not enough keypoints in query image,0.0000
../data/raw/worms/extracted/20250318/image_02141.npy,Not enough keypoints in query image,0.0000
../data/raw/worms/extracted/20250318/image_02142.npy,Not enough keypoints in query image,0.0000
../data/raw/worms/extracted/20250318/image_02143.npy,Not enough keypoints in query image,0.0000
../data/raw/worms/extracted/20250318/image_02144.npy,Not enough keypoints in query image,0.0000
../data/raw/worms/extracted/20250318/image_02145.npy,Not enough keypoints in query image,0.0000
../data/raw/worms/extracted/20250318/image_02146.npy,Not enough keypoints in query image,0.0000
../data/raw/worms/extracted/20250318/image_02147.npy,Not enough keypoints in query image,0.0000
../data/raw/worms/extracted/20250318/image_02148.npy,Not enough keypoints in query image,0.0000
../data/raw/worms/extracted/20250318/image_02149.npy,Not enough keypoints in query image,0.0000
../data/raw/worms/extracted/20250318/image_02150.npy,Not enough keypoints in query image,0.0000
../data/raw/worms/extracted/20250318/image_02151.npy,Not enough keypoints in query image,0.0000
../data/raw/worms/extracted/20250318/image_02152.npy,Not enough keypoints in query image,0.0000
../data/raw/worms/extracted/20250318/image_02153.npy,Not enough keypoints in query image,0.0000
../data/raw/worms/extracted/20250318/image_02154.npy,Not enough keypoints in query image,0.0000
../data/raw/worms/extracted/20250318/image_02155.npy,Not enough keypoints in query image,0.0000
../data/raw/worms/extracted/20250318/image_02156.npy,Not enough keypoints in query image,0.0000
../data/raw/worms/extracted/20250318/image_02157.npy,Not enough keypoints in query image,0.0000
../data/raw/worms/extracted/20250318/image_02158.npy,Not enough keypoints in query image,0.0000
../data/raw/worms/extracted/20250318/image_02159.npy,Not enough keypoints in query image,0.0000
../data/raw/worms/extracted/20250318/image_02160.npy,Not enough keypoints in query image,0.0000
../data/raw/worms/extracted/20250318/image_02161.npy,Not enough keypoints in query image,0.0000
../data/raw/worms/extracted/20250318/image_02162.npy,Not enough keypoints in query image,0.0000
../data/raw/worms/extracted/20250318/image_02163.npy,Not enough keypoints in query image,0.0000
../data/raw/worms/extracted/20250318/image_02164.npy,Not enough keypoints in query image,0.0000
../data/raw/worms/extracted/20250318/image_02165.npy,Not enough keypoints in query image,0.0000
../data/raw/worms/extracted/20250318/image_02166.npy,Not enough keypoints in query image,0.0000
../data/raw/worms/extracted/20250318/image_02167.npy,Not enough keypoints in query image,0.0000
../data/raw/worms/extracted/20250318/image_02168.npy,Not enough keypoints in query image,0.0000
../data/raw/worms/extracted/20250318/image_02169.npy,Not enough keypoints in query image,0.0000
../data/raw/worms/extracted/20250318/image_02170.npy,Not enough keypoints in query image,0.0000
../data/raw/worms/extracted/20250318/image_02171.npy,Not enough keypoints in query image,0.0000
../data/raw/worms/extracted/20250318/image_02172.npy,Not enough keypoints in query image,0.0000
../data/raw/worms/extracted/20250318/image_02173.npy,Not enough keypoints in query image,0.0000
../data/raw/worms/extracted/20250318/image_02174.npy,Not enough keypoints in query image,0.0000
../data/raw/worms/extracted/20250318/image_02175.npy,Not enough keypoints in query image,0.0000
../data/raw/worms/extracted/20250318/image_02176.npy,Not enough keypoints in query image,0.0000
../data/raw/worms/extracted/20250318/image_02177.npy,Not enough keypoints in query image,0.0000
../data/raw/worms/extracted/20250318/image_02178.npy,Not enough keypoints in query image,0.0000
../data/raw/worms/extracted/20250318/image_02179.npy,Not enough keypoints in query image,0.0000
../data/raw/worms/extracted/20250318/image_02180.npy,Not enough keypoints in query image,0.0000
../data/raw/worms/extracted/20250318/image_02181.npy,Not enough keypoints in query image,0.0000
../data/raw/worms/extracted/20250318/image_02182.npy,Not enough keypoints in query image,0.0000
../data/raw/worms/extracted/20250318/image_02183.npy,Not enough keypoints in query image,0.0000
../data/raw/worms/extracted/20250318/image_02184.npy,Not enough keypoints in query image,0.0000
../data/raw/worms/extracted/20250318/image_02185.npy,Not enough keypoints in query image,0.0000
../data/raw/worms/extracted/20250318/image_02186.npy,Not enough keypoints in query image,0.0000
../data/raw/worms/extracted/20250318/image_02187.npy,Not enough keypoints in query image,0.0000
../data/raw/worms/extracted/20250318/image_02188.npy,Not enough keypoints in query image,0.0000
../data/raw/worms/extracted/20250318/image_02189.npy,Not enough keypoints in query image,0.0000
../data/raw/worms/extracted/20250318/image_02190.npy,Not enough keypoints in query image,0.0000
../data/raw/worms/extracted/20250318/image_02191.npy,Not enough keypoints in query image,0.0000
../data/raw/worms/extracted/20250318/image_02192.npy,Not enough keypoints in query image,0.0000
../data/raw/worms/extracted/20250318/image_02193.npy,Not enough keypoints in query image,0.0000
../data/raw/worms/extracted/20250318/image_02194.npy,Not enough keypoints in query image,0.0000
../data/raw/worms/extracted/20250318/image_02195.npy,../data/interim/event_imgs/152200000.jpg,0.5714
../data/raw/worms/extracted/20250318/image_02196.npy,../data/interim/event_imgs/104650000.jpg,0.8000
../data/raw/worms/extracted/20250318/image_02197.npy,../data/interim/event_imgs/151150000.jpg,0.6667
../data/raw/worms/extracted/20250318/image_02198.npy,../data/interim/event_imgs/132850000.jpg,0.6042
../data/raw/worms/extracted/20250318/image_02199.npy,../data/interim/event_imgs/128950000.jpg,0.8000
../data/raw/worms/extracted/20250318/image_02200.npy,../data/interim/event_imgs/177550000.jpg,0.7297
../data/raw/worms/extracted/20250318/image_02201.npy,../data/interim/event_imgs/137200000.jpg,0.5672
../data/raw/worms/extracted/20250318/image_02202.npy,../data/interim/event_imgs/105250000.jpg,0.4419
../data/raw/worms/extracted/20250318/image_02203.npy,../data/interim/event_imgs/128950000.jpg,0.5122
../data/raw/worms/extracted/20250318/image_02204.npy,../data/interim/event_imgs/157150000.jpg,0.4625
../data/raw/worms/extracted/20250318/image_02205.npy,../data/interim/event_imgs/103450000.jpg,0.4805
../data/raw/worms/extracted/20250318/image_02206.npy,../data/interim/event_imgs/132850000.jpg,0.4935
../data/raw/worms/extracted/20250318/image_02207.npy,../data/interim/event_imgs/400000.jpg,0.5000
../data/raw/worms/extracted/20250318/image_02208.npy,../data/interim/event_imgs/104650000.jpg,0.5000
../data/raw/worms/extracted/20250318/image_02209.npy,../data/interim/event_imgs/127900000.jpg,0.4557
../data/raw/worms/extracted/20250318/image_02210.npy,../data/interim/event_imgs/88600000.jpg,0.5062
../data/raw/worms/extracted/20250318/image_02211.npy,../data/interim/event_imgs/148300000.jpg,0.5000
../data/raw/worms/extracted/20250318/image_02212.npy,../data/interim/event_imgs/148450000.jpg,0.4872
../data/raw/worms/extracted/20250318/image_02213.npy,../data/interim/event_imgs/143500000.jpg,0.4235
../data/raw/worms/extracted/20250318/image_02214.npy,../data/interim/event_imgs/168250000.jpg,0.4471
../data/raw/worms/extracted/20250318/image_02215.npy,../data/interim/event_imgs/127900000.jpg,0.5091
../data/raw/worms/extracted/20250318/image_02216.npy,../data/interim/event_imgs/103000000.jpg,0.7333
../data/raw/worms/extracted/20250318/image_02217.npy,../data/interim/event_imgs/101500000.jpg,0.4667
../data/raw/worms/extracted/20250318/image_02218.npy,../data/interim/event_imgs/130300000.jpg,0.3918
../data/raw/worms/extracted/20250318/image_02219.npy,../data/interim/event_imgs/101500000.jpg,0.4286
../data/raw/worms/extracted/20250318/image_02220.npy,../data/interim/event_imgs/173800000.jpg,0.3824
../data/raw/worms/extracted/20250318/image_02221.npy,../data/interim/event_imgs/101500000.jpg,0.4382
../data/raw/worms/extracted/20250318/image_02222.npy,../data/interim/event_imgs/138250000.jpg,0.4205
../data/raw/worms/extracted/20250318/image_02223.npy,../data/interim/event_imgs/131650000.jpg,0.5957
../data/raw/worms/extracted/20250318/image_02224.npy,../data/interim/event_imgs/92350000.jpg,0.7647
../data/raw/worms/extracted/20250318/image_02225.npy,../data/interim/event_imgs/181750000.jpg,0.7250
../data/raw/worms/extracted/20250318/image_02226.npy,../data/interim/event_imgs/131350000.jpg,0.6471
../data/raw/worms/extracted/20250318/image_02227.npy,../data/interim/event_imgs/160300000.jpg,0.6774
../data/raw/worms/extracted/20250318/image_02228.npy,../data/interim/event_imgs/101050000.jpg,0.6571
../data/raw/worms/extracted/20250318/image_02229.npy,../data/interim/event_imgs/163900000.jpg,0.7407
../data/raw/worms/extracted/20250318/image_02230.npy,Not enough keypoints in query image,0.0000
../data/raw/worms/extracted/20250318/image_02231.npy,Not enough keypoints in query image,0.0000
../data/raw/worms/extracted/20250318/image_02232.npy,Not enough keypoints in query image,0.0000
../data/raw/worms/extracted/20250318/image_02233.npy,Not enough keypoints in query image,0.0000
../data/raw/worms/extracted/20250318/image_02234.npy,../data/interim/event_imgs/132400000.jpg,0.6000
../data/raw/worms/extracted/20250318/image_02235.npy,../data/interim/event_imgs/152500000.jpg,0.5641
../data/raw/worms/extracted/20250318/image_02236.npy,../data/interim/event_imgs/157000000.jpg,0.5091
../data/raw/worms/extracted/20250318/image_02237.npy,../data/interim/event_imgs/161350000.jpg,0.5294
../data/raw/worms/extracted/20250318/image_02238.npy,../data/interim/event_imgs/152500000.jpg,0.5435
../data/raw/worms/extracted/20250318/image_02239.npy,../data/interim/event_imgs/155500000.jpg,0.5306
../data/raw/worms/extracted/20250318/image_02240.npy,../data/interim/event_imgs/157000000.jpg,0.5882
../data/raw/worms/extracted/20250318/image_02241.npy,../data/interim/event_imgs/238150000.jpg,0.5800
../data/raw/worms/extracted/20250318/image_02242.npy,../data/interim/event_imgs/213250000.jpg,0.8462
../data/raw/worms/extracted/20250318/image_02243.npy,../data/interim/event_imgs/181450000.jpg,0.7333
../data/raw/worms/extracted/20250318/image_02244.npy,../data/interim/event_imgs/227050000.jpg,0.7143
../data/raw/worms/extracted/20250318/image_02245.npy,../data/interim/event_imgs/208300000.jpg,0.8000
../data/raw/worms/extracted/20250318/image_02246.npy,../data/interim/event_imgs/178900000.jpg,0.7391
../data/raw/worms/extracted/20250318/image_02247.npy,../data/interim/event_imgs/157000000.jpg,0.7619
../data/raw/worms/extracted/20250318/image_02248.npy,../data/interim/event_imgs/144850000.jpg,0.7368
../data/raw/worms/extracted/20250318/image_02249.npy,../data/interim/event_imgs/247600000.jpg,0.6842
../data/raw/worms/extracted/20250318/image_02250.npy,../data/interim/event_imgs/1350000.jpg,0.7143
../data/raw/worms/extracted/20250318/image_02251.npy,../data/interim/event_imgs/152500000.jpg,0.6842
../data/raw/worms/extracted/20250318/image_02252.npy,../data/interim/event_imgs/151300000.jpg,0.8125
../data/raw/worms/extracted/20250318/image_02253.npy,../data/interim/event_imgs/154750000.jpg,0.6818
../data/raw/worms/extracted/20250318/image_02254.npy,../data/interim/event_imgs/151600000.jpg,0.6957
../data/raw/worms/extracted/20250318/image_02255.npy,../data/interim/event_imgs/157000000.jpg,0.6957
../data/raw/worms/extracted/20250318/image_02256.npy,../data/interim/event_imgs/144700000.jpg,0.6522
../data/raw/worms/extracted/20250318/image_02257.npy,Not enough keypoints in query image,0.0000
../data/raw/worms/extracted/20250318/image_02258.npy,Not enough keypoints in query image,0.0000
../data/raw/worms/extracted/20250318/image_02259.npy,../data/interim/event_imgs/243700000.jpg,1.0000
../data/raw/worms/extracted/20250318/image_02260.npy,Not enough keypoints in query image,0.0000
../data/raw/worms/extracted/20250318/image_02261.npy,Not enough keypoints in query image,0.0000
../data/raw/worms/extracted/20250318/image_02262.npy,Not enough keypoints in query image,0.0000
../data/raw/worms/extracted/20250318/image_02263.npy,Not enough keypoints in query image,0.0000
../data/raw/worms/extracted/20250318/image_02264.npy,Not enough keypoints in query image,0.0000
../data/raw/worms/extracted/20250318/image_02265.npy,Not enough keypoints in query image,0.0000
../data/raw/worms/extracted/20250318/image_02266.npy,Not enough keypoints in query image,0.0000
../data/raw/worms/extracted/20250318/image_02267.npy,Not enough keypoints in query image,0.0000
../data/raw/worms/extracted/20250318/image_02268.npy,Not enough keypoints in query image,0.0000
../data/raw/worms/extracted/20250318/image_02269.npy,Not enough keypoints in query image,0.0000
../data/raw/worms/extracted/20250318/image_02270.npy,Not enough keypoints in query image,0.0000
../data/raw/worms/extracted/20250318/image_02271.npy,Not enough keypoints in query image,0.0000
../data/raw/worms/extracted/20250318/image_02272.npy,Not enough keypoints in query image,0.0000
../data/raw/worms/extracted/20250318/image_02273.npy,Not enough keypoints in query image,0.0000
../data/raw/worms/extracted/20250318/image_02274.npy,Not enough keypoints in query image,0.0000
../data/raw/worms/extracted/20250318/image_02275.npy,Not enough keypoints in query image,0.0000
../data/raw/worms/extracted/20250318/image_02276.npy,Not enough keypoints in query image,0.0000
../data/raw/worms/extracted/20250318/image_02277.npy,Not enough keypoints in query image,0.0000
../data/raw/worms/extracted/20250318/image_02278.npy,Not enough keypoints in query image,0.0000
../data/raw/worms/extracted/20250318/image_02279.npy,Not enough keypoints in query image,0.0000
../data/raw/worms/extracted/20250318/image_02280.npy,Not enough keypoints in query image,0.0000
../data/raw/worms/extracted/20250318/image_02281.npy,Not enough keypoints in query image,0.0000
../data/raw/worms/extracted/20250318/image_02282.npy,Not enough keypoints in query image,0.0000
../data/raw/worms/extracted/20250318/image_02283.npy,Not enough keypoints in query image,0.0000
../data/raw/worms/extracted/20250318/image_02284.npy,Not enough keypoints in query image,0.0000
../data/raw/worms/extracted/20250318/image_02285.npy,Not enough keypoints in query image,0.0000
../data/raw/worms/extracted/20250318/image_02286.npy,Not enough keypoints in query image,0.0000
../data/raw/worms/extracted/20250318/image_02287.npy,Not enough keypoints in query image,0.0000
../data/raw/worms/extracted/20250318/image_02288.npy,Not enough keypoints in query image,0.0000
../data/raw/worms/extracted/20250318/image_02289.npy,Not enough keypoints in query image,0.0000
../data/raw/worms/extracted/20250318/image_02290.npy,Not enough keypoints in query image,0.0000
../data/raw/worms/extracted/20250318/image_02291.npy,Not enough keypoints in query image,0.0000
../data/raw/worms/extracted/20250318/image_02292.npy,Not enough keypoints in query image,0.0000
../data/raw/worms/extracted/20250318/image_02293.npy,Not enough keypoints in query image,0.0000
../data/raw/worms/extracted/20250318/image_02294.npy,Not enough keypoints in query image,0.0000
../data/raw/worms/extracted/20250318/image_02295.npy,Not enough keypoints in query image,0.0000
../data/raw/worms/extracted/20250318/image_02296.npy,Not enough keypoints in query image,0.0000
../data/raw/worms/extracted/20250318/image_02297.npy,Not enough keypoints in query image,0.0000
../data/raw/worms/extracted/20250318/image_02298.npy,Not enough keypoints in query image,0.0000
../data/raw/worms/extracted/20250318/image_02299.npy,Not enough keypoints in query image,0.0000
../data/raw/worms/extracted/20250318/image_02300.npy,Not enough keypoints in query image,0.0000
../data/raw/worms/extracted/20250318/image_02301.npy,Not enough keypoints in query image,0.0000
../data/raw/worms/extracted/20250318/image_02302.npy,Not enough keypoints in query image,0.0000
../data/raw/worms/extracted/20250318/image_02303.npy,Not enough keypoints in query image,0.0000
../data/raw/worms/extracted/20250318/image_02304.npy,Not enough keypoints in query image,0.0000
../data/raw/worms/extracted/20250318/image_02305.npy,Not enough keypoints in query image,0.0000
../data/raw/worms/extracted/20250318/image_02306.npy,Not enough keypoints in query image,0.0000
../data/raw/worms/extracted/20250318/image_02307.npy,Not enough keypoints in query image,0.0000
../data/raw/worms/extracted/20250318/image_02308.npy,Not enough keypoints in query image,0.0000
../data/raw/worms/extracted/20250318/image_02309.npy,Not enough keypoints in query image,0.0000
../data/raw/worms/extracted/20250318/image_02310.npy,Not enough keypoints in query image,0.0000
../data/raw/worms/extracted/20250318/image_02311.npy,Not enough keypoints in query image,0.0000
../data/raw/worms/extracted/20250318/image_02312.npy,Not enough keypoints in query image,0.0000
../data/raw/worms/extracted/20250318/image_02313.npy,Not enough keypoints in query image,0.0000
../data/raw/worms/extracted/20250318/image_02314.npy,Not enough keypoints in query image,0.0000
../data/raw/worms/extracted/20250318/image_02315.npy,Not enough keypoints in query image,0.0000
../data/raw/worms/extracted/20250318/image_02316.npy,Not enough keypoints in query image,0.0000
../data/raw/worms/extracted/20250318/image_02317.npy,Not enough keypoints in query image,0.0000
../data/raw/worms/extracted/20250318/image_02318.npy,Not enough keypoints in query image,0.0000
../data/raw/worms/extracted/20250318/image_02319.npy,Not enough keypoints in query image,0.0000
../data/raw/worms/extracted/20250318/image_02320.npy,Not enough keypoints in query image,0.0000
../data/raw/worms/extracted/20250318/image_02321.npy,Not enough keypoints in query image,0.0000
../data/raw/worms/extracted/20250318/image_02322.npy,Not enough keypoints in query image,0.0000
../data/raw/worms/extracted/20250318/image_02323.npy,Not enough keypoints in query image,0.0000
../data/raw/worms/extracted/20250318/image_02324.npy,Not enough keypoints in query image,0.0000
../data/raw/worms/extracted/20250318/image_02325.npy,Not enough keypoints in query image,0.0000
../data/raw/worms/extracted/20250318/image_02326.npy,Not enough keypoints in query image,0.0000
../data/raw/worms/extracted/20250318/image_02327.npy,Not enough keypoints in query image,0.0000
../data/raw/worms/extracted/20250318/image_02328.npy,Not enough keypoints in query image,0.0000
../data/raw/worms/extracted/20250318/image_02329.npy,Not enough keypoints in query image,0.0000
../data/raw/worms/extracted/20250318/image_02330.npy,Not enough keypoints in query image,0.0000
../data/raw/worms/extracted/20250318/image_02331.npy,Not enough keypoints in query image,0.0000
../data/raw/worms/extracted/20250318/image_02332.npy,Not enough keypoints in query image,0.0000
../data/raw/worms/extracted/20250318/image_02333.npy,Not enough keypoints in query image,0.0000
../data/raw/worms/extracted/20250318/image_02334.npy,Not enough keypoints in query image,0.0000
../data/raw/worms/extracted/20250318/image_02335.npy,Not enough keypoints in query image,0.0000
../data/raw/worms/extracted/20250318/image_02336.npy,Not enough keypoints in query image,0.0000
../data/raw/worms/extracted/20250318/image_02337.npy,Not enough keypoints in query image,0.0000
../data/raw/worms/extracted/20250318/image_02338.npy,Not enough keypoints in query image,0.0000
../data/raw/worms/extracted/20250318/image_02339.npy,Not enough keypoints in query image,0.0000
../data/raw/worms/extracted/20250318/image_02340.npy,Not enough keypoints in query image,0.0000
../data/raw/worms/extracted/20250318/image_02341.npy,Not enough keypoints in query image,0.0000
../data/raw/worms/extracted/20250318/image_02342.npy,Not enough keypoints in query image,0.0000
../data/raw/worms/extracted/20250318/image_02343.npy,Not enough keypoints in query image,0.0000
../data/raw/worms/extracted/20250318/image_02344.npy,Not enough keypoints in query image,0.0000
../data/raw/worms/extracted/20250318/image_02345.npy,Not enough keypoints in query image,0.0000
../data/raw/worms/extracted/20250318/image_02346.npy,Not enough keypoints in query image,0.0000
../data/raw/worms/extracted/20250318/image_02347.npy,Not enough keypoints in query image,0.0000
../data/raw/worms/extracted/20250318/image_02348.npy,Not enough keypoints in query image,0.0000
../data/raw/worms/extracted/20250318/image_02349.npy,Not enough keypoints in query image,0.0000
../data/raw/worms/extracted/20250318/image_02350.npy,Not enough keypoints in query image,0.0000
../data/raw/worms/extracted/20250318/image_02351.npy,Not enough keypoints in query image,0.0000
../data/raw/worms/extracted/20250318/image_02352.npy,Not enough keypoints in query image,0.0000
../data/raw/worms/extracted/20250318/image_02353.npy,Not enough keypoints in query image,0.0000
../data/raw/worms/extracted/20250318/image_02354.npy,Not enough keypoints in query image,0.0000
../data/raw/worms/extracted/20250318/image_02355.npy,Not enough keypoints in query image,0.0000
../data/raw/worms/extracted/20250318/image_02356.npy,Not enough keypoints in query image,0.0000
../data/raw/worms/extracted/20250318/image_02357.npy,Not enough keypoints in query image,0.0000
../data/raw/worms/extracted/20250318/image_02358.npy,Not enough keypoints in query image,0.0000
../data/raw/worms/extracted/20250318/image_02359.npy,Not enough keypoints in query image,0.0000
../data/raw/worms/extracted/20250318/image_02360.npy,Not enough keypoints in query image,0.0000
../data/raw/worms/extracted/20250318/image_02361.npy,Not enough keypoints in query image,0.0000
../data/raw/worms/extracted/20250318/image_02362.npy,Not enough keypoints in query image,0.0000
../data/raw/worms/extracted/20250318/image_02363.npy,Not enough keypoints in query image,0.0000
../data/raw/worms/extracted/20250318/image_02364.npy,Not enough keypoints in query image,0.0000
../data/raw/worms/extracted/20250318/image_02365.npy,Not enough keypoints in query image,0.0000
../data/raw/worms/extracted/20250318/image_02366.npy,Not enough keypoints in query image,0.0000
../data/raw/worms/extracted/20250318/image_02367.npy,Not enough keypoints in query image,0.0000
../data/raw/worms/extracted/20250318/image_02368.npy,Not enough keypoints in query image,0.0000
../data/raw/worms/extracted/20250318/image_02369.npy,Not enough keypoints in query image,0.0000
../data/raw/worms/extracted/20250318/image_02370.npy,Not enough keypoints in query image,0.0000
../data/raw/worms/extracted/20250318/image_02371.npy,Not enough keypoints in query image,0.0000
../data/raw/worms/extracted/20250318/image_02372.npy,Not enough keypoints in query image,0.0000
../data/raw/worms/extracted/20250318/image_02373.npy,Not enough keypoints in query image,0.0000
../data/raw/worms/extracted/20250318/image_02374.npy,Not enough keypoints in query image,0.0000
../data/raw/worms/extracted/20250318/image_02375.npy,Not enough keypoints in query image,0.0000
../data/raw/worms/extracted/20250318/image_02376.npy,Not enough keypoints in query image,0.0000
../data/raw/worms/extracted/20250318/image_02377.npy,Not enough keypoints in query image,0.0000
../data/raw/worms/extracted/20250318/image_02378.npy,Not enough keypoints in query image,0.0000
../data/raw/worms/extracted/20250318/image_02379.npy,Not enough keypoints in query image,0.0000
../data/raw/worms/extracted/20250318/image_02380.npy,Not enough keypoints in query image,0.0000
../data/raw/worms/extracted/20250318/image_02381.npy,Not enough keypoints in query image,0.0000
../data/raw/worms/extracted/20250318/image_02382.npy,Not enough keypoints in query image,0.0000
../data/raw/worms/extracted/20250318/image_02383.npy,Not enough keypoints in query image,0.0000
../data/raw/worms/extracted/20250318/image_02384.npy,Not enough keypoints in query image,0.0000
../data/raw/worms/extracted/20250318/image_02385.npy,Not enough keypoints in query image,0.0000
../data/raw/worms/extracted/20250318/image_02386.npy,Not enough keypoints in query image,0.0000
../data/raw/worms/extracted/20250318/image_02387.npy,Not enough keypoints in query image,0.0000
../data/raw/worms/extracted/20250318/image_02388.npy,Not enough keypoints in query image,0.0000
../data/raw/worms/extracted/20250318/image_02389.npy,Not enough keypoints in query image,0.0000
../data/raw/worms/extracted/20250318/image_02390.npy,Not enough keypoints in query image,0.0000
../data/raw/worms/extracted/20250318/image_02391.npy,Not enough keypoints in query image,0.0000
../data/raw/worms/extracted/20250318/image_02392.npy,Not enough keypoints in query image,0.0000
../data/raw/worms/extracted/20250318/image_02393.npy,Not enough keypoints in query image,0.0000
../data/raw/worms/extracted/20250318/image_02394.npy,Not enough keypoints in query image,0.0000
../data/raw/worms/extracted/20250318/image_02395.npy,Not enough keypoints in query image,0.0000
../data/raw/worms/extracted/20250318/image_02396.npy,Not enough keypoints in query image,0.0000
../data/raw/worms/extracted/20250318/image_02397.npy,Not enough keypoints in query image,0.0000
../data/raw/worms/extracted/20250318/image_02398.npy,Not enough keypoints in query image,0.0000
../data/raw/worms/extracted/20250318/image_02399.npy,Not enough keypoints in query image,0.0000
../data/raw/worms/extracted/20250318/image_02400.npy,Not enough keypoints in query image,0.0000
../data/raw/worms/extracted/20250318/image_02401.npy,Not enough keypoints in query image,0.0000
../data/raw/worms/extracted/20250318/image_02402.npy,Not enough keypoints in query image,0.0000
../data/raw/worms/extracted/20250318/image_02403.npy,Not enough keypoints in query image,0.0000
../data/raw/worms/extracted/20250318/image_02404.npy,Not enough keypoints in query image,0.0000
../data/raw/worms/extracted/20250318/image_02405.npy,Not enough keypoints in query image,0.0000
../data/raw/worms/extracted/20250318/image_02406.npy,Not enough keypoints in query image,0.0000
../data/raw/worms/extracted/20250318/image_02407.npy,Not enough keypoints in query image,0.0000
../data/raw/worms/extracted/20250318/image_02408.npy,Not enough keypoints in query image,0.0000
../data/raw/worms/extracted/20250318/image_02409.npy,Not enough keypoints in query image,0.0000
../data/raw/worms/extracted/20250318/image_02410.npy,Not enough keypoints in query image,0.0000
../data/raw/worms/extracted/20250318/image_02411.npy,Not enough keypoints in query image,0.0000
../data/raw/worms/extracted/20250318/image_02412.npy,Not enough keypoints in query image,0.0000
../data/raw/worms/extracted/20250318/image_02413.npy,Not enough keypoints in query image,0.0000
../data/raw/worms/extracted/20250318/image_02414.npy,Not enough keypoints in query image,0.0000
../data/raw/worms/extracted/20250318/image_02415.npy,Not enough keypoints in query image,0.0000
../data/raw/worms/extracted/20250318/image_02416.npy,Not enough keypoints in query image,0.0000
../data/raw/worms/extracted/20250318/image_02417.npy,Not enough keypoints in query image,0.0000
../data/raw/worms/extracted/20250318/image_02418.npy,Not enough keypoints in query image,0.0000
../data/raw/worms/extracted/20250318/image_02419.npy,Not enough keypoints in query image,0.0000
../data/raw/worms/extracted/20250318/image_02420.npy,Not enough keypoints in query image,0.0000
../data/raw/worms/extracted/20250318/image_02421.npy,Not enough keypoints in query image,0.0000
../data/raw/worms/extracted/20250318/image_02422.npy,Not enough keypoints in query image,0.0000
../data/raw/worms/extracted/20250318/image_02423.npy,Not enough keypoints in query image,0.0000
../data/raw/worms/extracted/20250318/image_02424.npy,Not enough keypoints in query image,0.0000
../data/raw/worms/extracted/20250318/image_02425.npy,Not enough keypoints in query image,0.0000
../data/raw/worms/extracted/20250318/image_02426.npy,Not enough keypoints in query image,0.0000
../data/raw/worms/extracted/20250318/image_02427.npy,Not enough keypoints in query image,0.0000
../data/raw/worms/extracted/20250318/image_02428.npy,Not enough keypoints in query image,0.0000
../data/raw/worms/extracted/20250318/image_02429.npy,Not enough keypoints in query image,0.0000
../data/raw/worms/extracted/20250318/image_02430.npy,Not enough keypoints in query image,0.0000
../data/raw/worms/extracted/20250318/image_02431.npy,Not enough keypoints in query image,0.0000
../data/raw/worms/extracted/20250318/image_02432.npy,Not enough keypoints in query image,0.0000
../data/raw/worms/extracted/20250318/image_02433.npy,Not enough keypoints in query image,0.0000
../data/raw/worms/extracted/20250318/image_02434.npy,Not enough keypoints in query image,0.0000
../data/raw/worms/extracted/20250318/image_02435.npy,Not enough keypoints in query image,0.0000
../data/raw/worms/extracted/20250318/image_02436.npy,Not enough keypoints in query image,0.0000
../data/raw/worms/extracted/20250318/image_02437.npy,Not enough keypoints in query image,0.0000
../data/raw/worms/extracted/20250318/image_02438.npy,Not enough keypoints in query image,0.0000
../data/raw/worms/extracted/20250318/image_02439.npy,Not enough keypoints in query image,0.0000
../data/raw/worms/extracted/20250318/image_02440.npy,Not enough keypoints in query image,0.0000
../data/raw/worms/extracted/20250318/image_02441.npy,Not enough keypoints in query image,0.0000
../data/raw/worms/extracted/20250318/image_02442.npy,Not enough keypoints in query image,0.0000
../data/raw/worms/extracted/20250318/image_02443.npy,Not enough keypoints in query image,0.0000
../data/raw/worms/extracted/20250318/image_02444.npy,Not enough keypoints in query image,0.0000
../data/raw/worms/extracted/20250318/image_02445.npy,Not enough keypoints in query image,0.0000
../data/raw/worms/extracted/20250318/image_02446.npy,Not enough keypoints in query image,0.0000
../data/raw/worms/extracted/20250318/image_02447.npy,Not enough keypoints in query image,0.0000
../data/raw/worms/extracted/20250318/image_02448.npy,Not enough keypoints in query image,0.0000
../data/raw/worms/extracted/20250318/image_02449.npy,Not enough keypoints in query image,0.0000
../data/raw/worms/extracted/20250318/image_02450.npy,Not enough keypoints in query image,0.0000
../data/raw/worms/extracted/20250318/image_02451.npy,Not enough keypoints in query image,0.0000
../data/raw/worms/extracted/20250318/image_02452.npy,Not enough keypoints in query image,0.0000
../data/raw/worms/extracted/20250318/image_02453.npy,Not enough keypoints in query image,0.0000
../data/raw/worms/extracted/20250318/image_02454.npy,Not enough keypoints in query image,0.0000
../data/raw/worms/extracted/20250318/image_02455.npy,Not enough keypoints in query image,0.0000
../data/raw/worms/extracted/20250318/image_02456.npy,Not enough keypoints in query image,0.0000
../data/raw/worms/extracted/20250318/image_02457.npy,Not enough keypoints in query image,0.0000
../data/raw/worms/extracted/20250318/image_02458.npy,Not enough keypoints in query image,0.0000
../data/raw/worms/extracted/20250318/image_02459.npy,Not enough keypoints in query image,0.0000
../data/raw/worms/extracted/20250318/image_02460.npy,Not enough keypoints in query image,0.0000
../data/raw/worms/extracted/20250318/image_02461.npy,Not enough keypoints in query image,0.0000
../data/raw/worms/extracted/20250318/image_02462.npy,Not enough keypoints in query image,0.0000
../data/raw/worms/extracted/20250318/image_02463.npy,Not enough keypoints in query image,0.0000
../data/raw/worms/extracted/20250318/image_02464.npy,Not enough keypoints in query image,0.0000
../data/raw/worms/extracted/20250318/image_02465.npy,Not enough keypoints in query image,0.0000
../data/raw/worms/extracted/20250318/image_02466.npy,Not enough keypoints in query image,0.0000
../data/raw/worms/extracted/20250318/image_02467.npy,Not enough keypoints in query image,0.0000
../data/raw/worms/extracted/20250318/image_02468.npy,Not enough keypoints in query image,0.0000
../data/raw/worms/extracted/20250318/image_02469.npy,Not enough keypoints in query image,0.0000
../data/raw/worms/extracted/20250318/image_02470.npy,Not enough keypoints in query image,0.0000
../data/raw/worms/extracted/20250318/image_02471.npy,Not enough keypoints in query image,0.0000
../data/raw/worms/extracted/20250318/image_02472.npy,Not enough keypoints in query image,0.0000
../data/raw/worms/extracted/20250318/image_02473.npy,Not enough keypoints in query image,0.0000
../data/raw/worms/extracted/20250318/image_02474.npy,Not enough keypoints in query image,0.0000
../data/raw/worms/extracted/20250318/image_02475.npy,Not enough keypoints in query image,0.0000
../data/raw/worms/extracted/20250318/image_02476.npy,Not enough keypoints in query image,0.0000
../data/raw/worms/extracted/20250318/image_02477.npy,Not enough keypoints in query image,0.0000
../data/raw/worms/extracted/20250318/image_02478.npy,Not enough keypoints in query image,0.0000
../data/raw/worms/extracted/20250318/image_02479.npy,Not enough keypoints in query image,0.0000
../data/raw/worms/extracted/20250318/image_02480.npy,Not enough keypoints in query image,0.0000
../data/raw/worms/extracted/20250318/image_02481.npy,Not enough keypoints in query image,0.0000
../data/raw/worms/extracted/20250318/image_02482.npy,Not enough keypoints in query image,0.0000
../data/raw/worms/extracted/20250318/image_02483.npy,Not enough keypoints in query image,0.0000
../data/raw/worms/extracted/20250318/image_02484.npy,Not enough keypoints in query image,0.0000
../data/raw/worms/extracted/20250318/image_02485.npy,Not enough keypoints in query image,0.0000
../data/raw/worms/extracted/20250318/image_02486.npy,Not enough keypoints in query image,0.0000
../data/raw/worms/extracted/20250318/image_02487.npy,Not enough keypoints in query image,0.0000
../data/raw/worms/extracted/20250318/image_02488.npy,Not enough keypoints in query image,0.0000
../data/raw/worms/extracted/20250318/image_02489.npy,Not enough keypoints in query image,0.0000
../data/raw/worms/extracted/20250318/image_02490.npy,Not enough keypoints in query image,0.0000
../data/raw/worms/extracted/20250318/image_02491.npy,Not enough keypoints in query image,0.0000
../data/raw/worms/extracted/20250318/image_02492.npy,Not enough keypoints in query image,0.0000
../data/raw/worms/extracted/20250318/image_02493.npy,Not enough keypoints in query image,0.0000
../data/raw/worms/extracted/20250318/image_02494.npy,Not enough keypoints in query image,0.0000
../data/raw/worms/extracted/20250318/image_02495.npy,Not enough keypoints in query image,0.0000
../data/raw/worms/extracted/20250318/image_02496.npy,Not enough keypoints in query image,0.0000
../data/raw/worms/extracted/20250318/image_02497.npy,Not enough keypoints in query image,0.0000
../data/raw/worms/extracted/20250318/image_02498.npy,Not enough keypoints in query image,0.0000
../data/raw/worms/extracted/20250318/image_02499.npy,Not enough keypoints in query image,0.0000
../data/raw/worms/extracted/20250318/image_02500.npy,Not enough keypoints in query image,0.0000
../data/raw/worms/extracted/20250318/image_02501.npy,Not enough keypoints in query image,0.0000
../data/raw/worms/extracted/20250318/image_02502.npy,Not enough keypoints in query image,0.0000
../data/raw/worms/extracted/20250318/image_02503.npy,Not enough keypoints in query image,0.0000
../data/raw/worms/extracted/20250318/image_02504.npy,Not enough keypoints in query image,0.0000
../data/raw/worms/extracted/20250318/image_02505.npy,Not enough keypoints in query image,0.0000
../data/raw/worms/extracted/20250318/image_02506.npy,Not enough keypoints in query image,0.0000
../data/raw/worms/extracted/20250318/image_02507.npy,Not enough keypoints in query image,0.0000
../data/raw/worms/extracted/20250318/image_02508.npy,Not enough keypoints in query image,0.0000
../data/raw/worms/extracted/20250318/image_02509.npy,Not enough keypoints in query image,0.0000
../data/raw/worms/extracted/20250318/image_02510.npy,Not enough keypoints in query image,0.0000
../data/raw/worms/extracted/20250318/image_02511.npy,Not enough keypoints in query image,0.0000
../data/raw/worms/extracted/20250318/image_02512.npy,Not enough keypoints in query image,0.0000
../data/raw/worms/extracted/20250318/image_02513.npy,Not enough keypoints in query image,0.0000
../data/raw/worms/extracted/20250318/image_02514.npy,Not enough keypoints in query image,0.0000
../data/raw/worms/extracted/20250318/image_02515.npy,Not enough keypoints in query image,0.0000
../data/raw/worms/extracted/20250318/image_02516.npy,Not enough keypoints in query image,0.0000
../data/raw/worms/extracted/20250318/image_02517.npy,Not enough keypoints in query image,0.0000
../data/raw/worms/extracted/20250318/image_02518.npy,Not enough keypoints in query image,0.0000
../data/raw/worms/extracted/20250318/image_02519.npy,Not enough keypoints in query image,0.0000
../data/raw/worms/extracted/20250318/image_02520.npy,Not enough keypoints in query image,0.0000
../data/raw/worms/extracted/20250318/image_02521.npy,Not enough keypoints in query image,0.0000
../data/raw/worms/extracted/20250318/image_02522.npy,Not enough keypoints in query image,0.0000
../data/raw/worms/extracted/20250318/image_02523.npy,Not enough keypoints in query image,0.0000
../data/raw/worms/extracted/20250318/image_02524.npy,Not enough keypoints in query image,0.0000
../data/raw/worms/extracted/20250318/image_02525.npy,Not enough keypoints in query image,0.0000
../data/raw/worms/extracted/20250318/image_02526.npy,Not enough keypoints in query image,0.0000
../data/raw/worms/extracted/20250318/image_02527.npy,Not enough keypoints in query image,0.0000
../data/raw/worms/extracted/20250318/image_02528.npy,Not enough keypoints in query image,0.0000
../data/raw/worms/extracted/20250318/image_02529.npy,Not enough keypoints in query image,0.0000
../data/raw/worms/extracted/20250318/image_02530.npy,Not enough keypoints in query image,0.0000
../data/raw/worms/extracted/20250318/image_02531.npy,Not enough keypoints in query image,0.0000
../data/raw/worms/extracted/20250318/image_02532.npy,Not enough keypoints in query image,0.0000
../data/raw/worms/extracted/20250318/image_02533.npy,Not enough keypoints in query image,0.0000
../data/raw/worms/extracted/20250318/image_02534.npy,Not enough keypoints in query image,0.0000
../data/raw/worms/extracted/20250318/image_02535.npy,Not enough keypoints in query image,0.0000
../data/raw/worms/extracted/20250318/image_02536.npy,Not enough keypoints in query image,0.0000
../data/raw/worms/extracted/20250318/image_02537.npy,Not enough keypoints in query image,0.0000
../data/raw/worms/extracted/20250318/image_02538.npy,Not enough keypoints in query image,0.0000
../data/raw/worms/extracted/20250318/image_02539.npy,Not enough keypoints in query image,0.0000
../data/raw/worms/extracted/20250318/image_02540.npy,Not enough keypoints in query image,0.0000
../data/raw/worms/extracted/20250318/image_02541.npy,Not enough keypoints in query image,0.0000
../data/raw/worms/extracted/20250318/image_02542.npy,Not enough keypoints in query image,0.0000
../data/raw/worms/extracted/20250318/image_02543.npy,Not enough keypoints in query image,0.0000
../data/raw/worms/extracted/20250318/image_02544.npy,Not enough keypoints in query image,0.0000
../data/raw/worms/extracted/20250318/image_02545.npy,Not enough keypoints in query image,0.0000
../data/raw/worms/extracted/20250318/image_02546.npy,Not enough keypoints in query image,0.0000
../data/raw/worms/extracted/20250318/image_02547.npy,Not enough keypoints in query image,0.0000
../data/raw/worms/extracted/20250318/image_02548.npy,Not enough keypoints in query image,0.0000
../data/raw/worms/extracted/20250318/image_02549.npy,Not enough keypoints in query image,0.0000
../data/raw/worms/extracted/20250318/image_02550.npy,Not enough keypoints in query image,0.0000
../data/raw/worms/extracted/20250318/image_02551.npy,Not enough keypoints in query image,0.0000
../data/raw/worms/extracted/20250318/image_02552.npy,Not enough keypoints in query image,0.0000
../data/raw/worms/extracted/20250318/image_02553.npy,Not enough keypoints in query image,0.0000
../data/raw/worms/extracted/20250318/image_02554.npy,Not enough keypoints in query image,0.0000
../data/raw/worms/extracted/20250318/image_02555.npy,Not enough keypoints in query image,0.0000
../data/raw/worms/extracted/20250318/image_02556.npy,Not enough keypoints in query image,0.0000
../data/raw/worms/extracted/20250318/image_02557.npy,Not enough keypoints in query image,0.0000
../data/raw/worms/extracted/20250318/image_02558.npy,Not enough keypoints in query image,0.0000
../data/raw/worms/extracted/20250318/image_02559.npy,Not enough keypoints in query image,0.0000
../data/raw/worms/extracted/20250318/image_02560.npy,Not enough keypoints in query image,0.0000
../data/raw/worms/extracted/20250318/image_02561.npy,Not enough keypoints in query image,0.0000
../data/raw/worms/extracted/20250318/image_02562.npy,Not enough keypoints in query image,0.0000
../data/raw/worms/extracted/20250318/image_02563.npy,Not enough keypoints in query image,0.0000
../data/raw/worms/extracted/20250318/image_02564.npy,Not enough keypoints in query image,0.0000
../data/raw/worms/extracted/20250318/image_02565.npy,Not enough keypoints in query image,0.0000
../data/raw/worms/extracted/20250318/image_02566.npy,Not enough keypoints in query image,0.0000
../data/raw/worms/extracted/20250318/image_02567.npy,Not enough keypoints in query image,0.0000
../data/raw/worms/extracted/20250318/image_02568.npy,Not enough keypoints in query image,0.0000
../data/raw/worms/extracted/20250318/image_02569.npy,Not enough keypoints in query image,0.0000
../data/raw/worms/extracted/20250318/image_02570.npy,Not enough keypoints in query image,0.0000
../data/raw/worms/extracted/20250318/image_02571.npy,Not enough keypoints in query image,0.0000
../data/raw/worms/extracted/20250318/image_02572.npy,Not enough keypoints in query image,0.0000
../data/raw/worms/extracted/20250318/image_02573.npy,Not enough keypoints in query image,0.0000
../data/raw/worms/extracted/20250318/image_02574.npy,Not enough keypoints in query image,0.0000
../data/raw/worms/extracted/20250318/image_02575.npy,Not enough keypoints in query image,0.0000
../data/raw/worms/extracted/20250318/image_02576.npy,Not enough keypoints in query image,0.0000
../data/raw/worms/extracted/20250318/image_02577.npy,Not enough keypoints in query image,0.0000
../data/raw/worms/extracted/20250318/image_02578.npy,Not enough keypoints in query image,0.0000
../data/raw/worms/extracted/20250318/image_02579.npy,Not enough keypoints in query image,0.0000
../data/raw/worms/extracted/20250318/image_02580.npy,Not enough keypoints in query image,0.0000
../data/raw/worms/extracted/20250318/image_02581.npy,Not enough keypoints in query image,0.0000
../data/raw/worms/extracted/20250318/image_02582.npy,Not enough keypoints in query image,0.0000
../data/raw/worms/extracted/20250318/image_02583.npy,Not enough keypoints in query image,0.0000
../data/raw/worms/extracted/20250318/image_02584.npy,Not enough keypoints in query image,0.0000
../data/raw/worms/extracted/20250318/image_02585.npy,Not enough keypoints in query image,0.0000
../data/raw/worms/extracted/20250318/image_02586.npy,Not enough keypoints in query image,0.0000
../data/raw/worms/extracted/20250318/image_02587.npy,Not enough keypoints in query image,0.0000
../data/raw/worms/extracted/20250318/image_02588.npy,Not enough keypoints in query image,0.0000
../data/raw/worms/extracted/20250318/image_02589.npy,Not enough keypoints in query image,0.0000
../data/raw/worms/extracted/20250318/image_02590.npy,Not enough keypoints in query image,0.0000
../data/raw/worms/extracted/20250318/image_02591.npy,Not enough keypoints in query image,0.0000
../data/raw/worms/extracted/20250318/image_02592.npy,Not enough keypoints in query image,0.0000
../data/raw/worms/extracted/20250318/image_02593.npy,Not enough keypoints in query image,0.0000
../data/raw/worms/extracted/20250318/image_02594.npy,Not enough keypoints in query image,0.0000
../data/raw/worms/extracted/20250318/image_02595.npy,Not enough keypoints in query image,0.0000
../data/raw/worms/extracted/20250318/image_02596.npy,Not enough keypoints in query image,0.0000
../data/raw/worms/extracted/20250318/image_02597.npy,Not enough keypoints in query image,0.0000
../data/raw/worms/extracted/20250318/image_02598.npy,Not enough keypoints in query image,0.0000
../data/raw/worms/extracted/20250318/image_02599.npy,Not enough keypoints in query image,0.0000
../data/raw/worms/extracted/20250318/image_02600.npy,Not enough keypoints in query image,0.0000
../data/raw/worms/extracted/20250318/image_02601.npy,Not enough keypoints in query image,0.0000
../data/raw/worms/extracted/20250318/image_02602.npy,Not enough keypoints in query image,0.0000
../data/raw/worms/extracted/20250318/image_02603.npy,Not enough keypoints in query image,0.0000
../data/raw/worms/extracted/20250318/image_02604.npy,Not enough keypoints in query image,0.0000
../data/raw/worms/extracted/20250318/image_02605.npy,Not enough keypoints in query image,0.0000
../data/raw/worms/extracted/20250318/image_02606.npy,Not enough keypoints in query image,0.0000
../data/raw/worms/extracted/20250318/image_02607.npy,Not enough keypoints in query image,0.0000
../data/raw/worms/extracted/20250318/image_02608.npy,Not enough keypoints in query image,0.0000
../data/raw/worms/extracted/20250318/image_02609.npy,Not enough keypoints in query image,0.0000
../data/raw/worms/extracted/20250318/image_02610.npy,Not enough keypoints in query image,0.0000
../data/raw/worms/extracted/20250318/image_02611.npy,Not enough keypoints in query image,0.0000
../data/raw/worms/extracted/20250318/image_02612.npy,Not enough keypoints in query image,0.0000
../data/raw/worms/extracted/20250318/image_02613.npy,Not enough keypoints in query image,0.0000
../data/raw/worms/extracted/20250318/image_02614.npy,Not enough keypoints in query image,0.0000
../data/raw/worms/extracted/20250318/image_02615.npy,Not enough keypoints in query image,0.0000
../data/raw/worms/extracted/20250318/image_02616.npy,Not enough keypoints in query image,0.0000
../data/raw/worms/extracted/20250318/image_02617.npy,Not enough keypoints in query image,0.0000
../data/raw/worms/extracted/20250318/image_02618.npy,Not enough keypoints in query image,0.0000
../data/raw/worms/extracted/20250318/image_02619.npy,Not enough keypoints in query image,0.0000
../data/raw/worms/extracted/20250318/image_02620.npy,Not enough keypoints in query image,0.0000
../data/raw/worms/extracted/20250318/image_02621.npy,Not enough keypoints in query image,0.0000
../data/raw/worms/extracted/20250318/image_02622.npy,Not enough keypoints in query image,0.0000
../data/raw/worms/extracted/20250318/image_02623.npy,Not enough keypoints in query image,0.0000
../data/raw/worms/extracted/20250318/image_02624.npy,Not enough keypoints in query image,0.0000
../data/raw/worms/extracted/20250318/image_02625.npy,Not enough keypoints in query image,0.0000
../data/raw/worms/extracted/20250318/image_02626.npy,Not enough keypoints in query image,0.0000
../data/raw/worms/extracted/20250318/image_02627.npy,Not enough keypoints in query image,0.0000
../data/raw/worms/extracted/20250318/image_02628.npy,Not enough keypoints in query image,0.0000
../data/raw/worms/extracted/20250318/image_02629.npy,Not enough keypoints in query image,0.0000
../data/raw/worms/extracted/20250318/image_02630.npy,Not enough keypoints in query image,0.0000
../data/raw/worms/extracted/20250318/image_02631.npy,Not enough keypoints in query image,0.0000
../data/raw/worms/extracted/20250318/image_02632.npy,Not enough keypoints in query image,0.0000
../data/raw/worms/extracted/20250318/image_02633.npy,Not enough keypoints in query image,0.0000
../data/raw/worms/extracted/20250318/image_02634.npy,Not enough keypoints in query image,0.0000
../data/raw/worms/extracted/20250318/image_02635.npy,Not enough keypoints in query image,0.0000
../data/raw/worms/extracted/20250318/image_02636.npy,Not enough keypoints in query image,0.0000
../data/raw/worms/extracted/20250318/image_02637.npy,Not enough keypoints in query image,0.0000
../data/raw/worms/extracted/20250318/image_02638.npy,Not enough keypoints in query image,0.0000
../data/raw/worms/extracted/20250318/image_02639.npy,Not enough keypoints in query image,0.0000
../data/raw/worms/extracted/20250318/image_02640.npy,Not enough keypoints in query image,0.0000
../data/raw/worms/extracted/20250318/image_02641.npy,Not enough keypoints in query image,0.0000
../data/raw/worms/extracted/20250318/image_02642.npy,Not enough keypoints in query image,0.0000
../data/raw/worms/extracted/20250318/image_02643.npy,Not enough keypoints in query image,0.0000
../data/raw/worms/extracted/20250318/image_02644.npy,Not enough keypoints in query image,0.0000
../data/raw/worms/extracted/20250318/image_02645.npy,Not enough keypoints in query image,0.0000
../data/raw/worms/extracted/20250318/image_02646.npy,Not enough keypoints in query image,0.0000
../data/raw/worms/extracted/20250318/image_02647.npy,Not enough keypoints in query image,0.0000
../data/raw/worms/extracted/20250318/image_02648.npy,Not enough keypoints in query image,0.0000
../data/raw/worms/extracted/20250318/image_02649.npy,Not enough keypoints in query image,0.0000
../data/raw/worms/extracted/20250318/image_02650.npy,Not enough keypoints in query image,0.0000
../data/raw/worms/extracted/20250318/image_02651.npy,Not enough keypoints in query image,0.0000
../data/raw/worms/extracted/20250318/image_02652.npy,Not enough keypoints in query image,0.0000
../data/raw/worms/extracted/20250318/image_02653.npy,Not enough keypoints in query image,0.0000
../data/raw/worms/extracted/20250318/image_02654.npy,Not enough keypoints in query image,0.0000
../data/raw/worms/extracted/20250318/image_02655.npy,Not enough keypoints in query image,0.0000
../data/raw/worms/extracted/20250318/image_02656.npy,Not enough keypoints in query image,0.0000
../data/raw/worms/extracted/20250318/image_02657.npy,Not enough keypoints in query image,0.0000
../data/raw/worms/extracted/20250318/image_02658.npy,Not enough keypoints in query image,0.0000
../data/raw/worms/extracted/20250318/image_02659.npy,Not enough keypoints in query image,0.0000
../data/raw/worms/extracted/20250318/image_02660.npy,Not enough keypoints in query image,0.0000
../data/raw/worms/extracted/20250318/image_02661.npy,Not enough keypoints in query image,0.0000
../data/raw/worms/extracted/20250318/image_02662.npy,Not enough keypoints in query image,0.0000
../data/raw/worms/extracted/20250318/image_02663.npy,Not enough keypoints in query image,0.0000
../data/raw/worms/extracted/20250318/image_02664.npy,Not enough keypoints in query image,0.0000
../data/raw/worms/extracted/20250318/image_02665.npy,Not enough keypoints in query image,0.0000
../data/raw/worms/extracted/20250318/image_02666.npy,Not enough keypoints in query image,0.0000
../data/raw/worms/extracted/20250318/image_02667.npy,Not enough keypoints in query image,0.0000
../data/raw/worms/extracted/20250318/image_02668.npy,Not enough keypoints in query image,0.0000
../data/raw/worms/extracted/20250318/image_02669.npy,Not enough keypoints in query image,0.0000
../data/raw/worms/extracted/20250318/image_02670.npy,Not enough keypoints in query image,0.0000
../data/raw/worms/extracted/20250318/image_02671.npy,Not enough keypoints in query image,0.0000
../data/raw/worms/extracted/20250318/image_02672.npy,Not enough keypoints in query image,0.0000
../data/raw/worms/extracted/20250318/image_02673.npy,Not enough keypoints in query image,0.0000
../data/raw/worms/extracted/20250318/image_02674.npy,Not enough keypoints in query image,0.0000
../data/raw/worms/extracted/20250318/image_02675.npy,Not enough keypoints in query image,0.0000
../data/raw/worms/extracted/20250318/image_02676.npy,Not enough keypoints in query image,0.0000
../data/raw/worms/extracted/20250318/image_02677.npy,Not enough keypoints in query image,0.0000
../data/raw/worms/extracted/20250318/image_02678.npy,Not enough keypoints in query image,0.0000
../data/raw/worms/extracted/20250318/image_02679.npy,Not enough keypoints in query image,0.0000
../data/raw/worms/extracted/20250318/image_02680.npy,Not enough keypoints in query image,0.0000
../data/raw/worms/extracted/20250318/image_02681.npy,Not enough keypoints in query image,0.0000
../data/raw/worms/extracted/20250318/image_02682.npy,Not enough keypoints in query image,0.0000
../data/raw/worms/extracted/20250318/image_02683.npy,Not enough keypoints in query image,0.0000
../data/raw/worms/extracted/20250318/image_02684.npy,Not enough keypoints in query image,0.0000
../data/raw/worms/extracted/20250318/image_02685.npy,Not enough keypoints in query image,0.0000
../data/raw/worms/extracted/20250318/image_02686.npy,Not enough keypoints in query image,0.0000
../data/raw/worms/extracted/20250318/image_02687.npy,Not enough keypoints in query image,0.0000
../data/raw/worms/extracted/20250318/image_02688.npy,Not enough keypoints in query image,0.0000
../data/raw/worms/extracted/20250318/image_02689.npy,Not enough keypoints in query image,0.0000
../data/raw/worms/extracted/20250318/image_02690.npy,Not enough keypoints in query image,0.0000
../data/raw/worms/extracted/20250318/image_02691.npy,Not enough keypoints in query image,0.0000
../data/raw/worms/extracted/20250318/image_02692.npy,Not enough keypoints in query image,0.0000
../data/raw/worms/extracted/20250318/image_02693.npy,Not enough keypoints in query image,0.0000
../data/raw/worms/extracted/20250318/image_02694.npy,Not enough keypoints in query image,0.0000
../data/raw/worms/extracted/20250318/image_02695.npy,Not enough keypoints in query image,0.0000
../data/raw/worms/extracted/20250318/image_02696.npy,Not enough keypoints in query image,0.0000
../data/raw/worms/extracted/20250318/image_02697.npy,Not enough keypoints in query image,0.0000
../data/raw/worms/extracted/20250318/image_02698.npy,Not enough keypoints in query image,0.0000
../data/raw/worms/extracted/20250318/image_02699.npy,Not enough keypoints in query image,0.0000
../data/raw/worms/extracted/20250318/image_02700.npy,Not enough keypoints in query image,0.0000
../data/raw/worms/extracted/20250318/image_02701.npy,Not enough keypoints in query image,0.0000
../data/raw/worms/extracted/20250318/image_02702.npy,Not enough keypoints in query image,0.0000
../data/raw/worms/extracted/20250318/image_02703.npy,Not enough keypoints in query image,0.0000
../data/raw/worms/extracted/20250318/image_02704.npy,Not enough keypoints in query image,0.0000
../data/raw/worms/extracted/20250318/image_02705.npy,Not enough keypoints in query image,0.0000
../data/raw/worms/extracted/20250318/image_02706.npy,Not enough keypoints in query image,0.0000
../data/raw/worms/extracted/20250318/image_02707.npy,Not enough keypoints in query image,0.0000
../data/raw/worms/extracted/20250318/image_02708.npy,Not enough keypoints in query image,0.0000
../data/raw/worms/extracted/20250318/image_02709.npy,Not enough keypoints in query image,0.0000
../data/raw/worms/extracted/20250318/image_02710.npy,Not enough keypoints in query image,0.0000
../data/raw/worms/extracted/20250318/image_02711.npy,Not enough keypoints in query image,0.0000
../data/raw/worms/extracted/20250318/image_02712.npy,Not enough keypoints in query image,0.0000
../data/raw/worms/extracted/20250318/image_02713.npy,Not enough keypoints in query image,0.0000
../data/raw/worms/extracted/20250318/image_02714.npy,Not enough keypoints in query image,0.0000
../data/raw/worms/extracted/20250318/image_02715.npy,Not enough keypoints in query image,0.0000
../data/raw/worms/extracted/20250318/image_02716.npy,Not enough keypoints in query image,0.0000
../data/raw/worms/extracted/20250318/image_02717.npy,Not enough keypoints in query image,0.0000
../data/raw/worms/extracted/20250318/image_02718.npy,Not enough keypoints in query image,0.0000
../data/raw/worms/extracted/20250318/image_02719.npy,Not enough keypoints in query image,0.0000
../data/raw/worms/extracted/20250318/image_02720.npy,Not enough keypoints in query image,0.0000
../data/raw/worms/extracted/20250318/image_02721.npy,Not enough keypoints in query image,0.0000
../data/raw/worms/extracted/20250318/image_02722.npy,Not enough keypoints in query image,0.0000
../data/raw/worms/extracted/20250318/image_02723.npy,Not enough keypoints in query image,0.0000
../data/raw/worms/extracted/20250318/image_02724.npy,Not enough keypoints in query image,0.0000
../data/raw/worms/extracted/20250318/image_02725.npy,Not enough keypoints in query image,0.0000
../data/raw/worms/extracted/20250318/image_02726.npy,Not enough keypoints in query image,0.0000
../data/raw/worms/extracted/20250318/image_02727.npy,Not enough keypoints in query image,0.0000
../data/raw/worms/extracted/20250318/image_02728.npy,Not enough keypoints in query image,0.0000
../data/raw/worms/extracted/20250318/image_02729.npy,Not enough keypoints in query image,0.0000
../data/raw/worms/extracted/20250318/image_02730.npy,Not enough keypoints in query image,0.0000
../data/raw/worms/extracted/20250318/image_02731.npy,Not enough keypoints in query image,0.0000
../data/raw/worms/extracted/20250318/image_02732.npy,Not enough keypoints in query image,0.0000
../data/raw/worms/extracted/20250318/image_02733.npy,Not enough keypoints in query image,0.0000
../data/raw/worms/extracted/20250318/image_02734.npy,Not enough keypoints in query image,0.0000
../data/raw/worms/extracted/20250318/image_02735.npy,Not enough keypoints in query image,0.0000
../data/raw/worms/extracted/20250318/image_02736.npy,Not enough keypoints in query image,0.0000
../data/raw/worms/extracted/20250318/image_02737.npy,Not enough keypoints in query image,0.0000
../data/raw/worms/extracted/20250318/image_02738.npy,Not enough keypoints in query image,0.0000
../data/raw/worms/extracted/20250318/image_02739.npy,Not enough keypoints in query image,0.0000
../data/raw/worms/extracted/20250318/image_02740.npy,Not enough keypoints in query image,0.0000
../data/raw/worms/extracted/20250318/image_02741.npy,Not enough keypoints in query image,0.0000
../data/raw/worms/extracted/20250318/image_02742.npy,Not enough keypoints in query image,0.0000
../data/raw/worms/extracted/20250318/image_02743.npy,Not enough keypoints in query image,0.0000
../data/raw/worms/extracted/20250318/image_02744.npy,Not enough keypoints in query image,0.0000
../data/raw/worms/extracted/20250318/image_02745.npy,Not enough keypoints in query image,0.0000
../data/raw/worms/extracted/20250318/image_02746.npy,Not enough keypoints in query image,0.0000
../data/raw/worms/extracted/20250318/image_02747.npy,Not enough keypoints in query image,0.0000
../data/raw/worms/extracted/20250318/image_02748.npy,Not enough keypoints in query image,0.0000
../data/raw/worms/extracted/20250318/image_02749.npy,Not enough keypoints in query image,0.0000
../data/raw/worms/extracted/20250318/image_02750.npy,Not enough keypoints in query image,0.0000
../data/raw/worms/extracted/20250318/image_02751.npy,Not enough keypoints in query image,0.0000
../data/raw/worms/extracted/20250318/image_02752.npy,Not enough keypoints in query image,0.0000
../data/raw/worms/extracted/20250318/image_02753.npy,Not enough keypoints in query image,0.0000
../data/raw/worms/extracted/20250318/image_02754.npy,Not enough keypoints in query image,0.0000
../data/raw/worms/extracted/20250318/image_02755.npy,Not enough keypoints in query image,0.0000
../data/raw/worms/extracted/20250318/image_02756.npy,Not enough keypoints in query image,0.0000
../data/raw/worms/extracted/20250318/image_02757.npy,Not enough keypoints in query image,0.0000
../data/raw/worms/extracted/20250318/image_02758.npy,Not enough keypoints in query image,0.0000
../data/raw/worms/extracted/20250318/image_02759.npy,Not enough keypoints in query image,0.0000
../data/raw/worms/extracted/20250318/image_02760.npy,Not enough keypoints in query image,0.0000
../data/raw/worms/extracted/20250318/image_02761.npy,Not enough keypoints in query image,0.0000
../data/raw/worms/extracted/20250318/image_02762.npy,Not enough keypoints in query image,0.0000
../data/raw/worms/extracted/20250318/image_02763.npy,Not enough keypoints in query image,0.0000
../data/raw/worms/extracted/20250318/image_02764.npy,Not enough keypoints in query image,0.0000
../data/raw/worms/extracted/20250318/image_02765.npy,Not enough keypoints in query image,0.0000
../data/raw/worms/extracted/20250318/image_02766.npy,Not enough keypoints in query image,0.0000
../data/raw/worms/extracted/20250318/image_02767.npy,Not enough keypoints in query image,0.0000
../data/raw/worms/extracted/20250318/image_02768.npy,Not enough keypoints in query image,0.0000
../data/raw/worms/extracted/20250318/image_02769.npy,Not enough keypoints in query image,0.0000
../data/raw/worms/extracted/20250318/image_02770.npy,Not enough keypoints in query image,0.0000
../data/raw/worms/extracted/20250318/image_02771.npy,Not enough keypoints in query image,0.0000
../data/raw/worms/extracted/20250318/image_02772.npy,Not enough keypoints in query image,0.0000
../data/raw/worms/extracted/20250318/image_02773.npy,Not enough keypoints in query image,0.0000
../data/raw/worms/extracted/20250318/image_02774.npy,Not enough keypoints in query image,0.0000
../data/raw/worms/extracted/20250318/image_02775.npy,Not enough keypoints in query image,0.0000
../data/raw/worms/extracted/20250318/image_02776.npy,Not enough keypoints in query image,0.0000
../data/raw/worms/extracted/20250318/image_02777.npy,Not enough keypoints in query image,0.0000
../data/raw/worms/extracted/20250318/image_02778.npy,Not enough keypoints in query image,0.0000
../data/raw/worms/extracted/20250318/image_02779.npy,Not enough keypoints in query image,0.0000
../data/raw/worms/extracted/20250318/image_02780.npy,Not enough keypoints in query image,0.0000
../data/raw/worms/extracted/20250318/image_02781.npy,Not enough keypoints in query image,0.0000
../data/raw/worms/extracted/20250318/image_02782.npy,Not enough keypoints in query image,0.0000
../data/raw/worms/extracted/20250318/image_02783.npy,Not enough keypoints in query image,0.0000
../data/raw/worms/extracted/20250318/image_02784.npy,Not enough keypoints in query image,0.0000
../data/raw/worms/extracted/20250318/image_02785.npy,Not enough keypoints in query image,0.0000
../data/raw/worms/extracted/20250318/image_02786.npy,Not enough keypoints in query image,0.0000
../data/raw/worms/extracted/20250318/image_02787.npy,Not enough keypoints in query image,0.0000
../data/raw/worms/extracted/20250318/image_02788.npy,Not enough keypoints in query image,0.0000
../data/raw/worms/extracted/20250318/image_02789.npy,Not enough keypoints in query image,0.0000
../data/raw/worms/extracted/20250318/image_02790.npy,Not enough keypoints in query image,0.0000
../data/raw/worms/extracted/20250318/image_02791.npy,Not enough keypoints in query image,0.0000
../data/raw/worms/extracted/20250318/image_02792.npy,Not enough keypoints in query image,0.0000
../data/raw/worms/extracted/20250318/image_02793.npy,Not enough keypoints in query image,0.0000
../data/raw/worms/extracted/20250318/image_02794.npy,Not enough keypoints in query image,0.0000
../data/raw/worms/extracted/20250318/image_02795.npy,Not enough keypoints in query image,0.0000
../data/raw/worms/extracted/20250318/image_02796.npy,Not enough keypoints in query image,0.0000
../data/raw/worms/extracted/20250318/image_02797.npy,Not enough keypoints in query image,0.0000
../data/raw/worms/extracted/20250318/image_02798.npy,Not enough keypoints in query image,0.0000
../data/raw/worms/extracted/20250318/image_02799.npy,Not enough keypoints in query image,0.0000
../data/raw/worms/extracted/20250318/image_02800.npy,Not enough keypoints in query image,0.0000
../data/raw/worms/extracted/20250318/image_02801.npy,Not enough keypoints in query image,0.0000
../data/raw/worms/extracted/20250318/image_02802.npy,Not enough keypoints in query image,0.0000
../data/raw/worms/extracted/20250318/image_02803.npy,Not enough keypoints in query image,0.0000
../data/raw/worms/extracted/20250318/image_02804.npy,Not enough keypoints in query image,0.0000
../data/raw/worms/extracted/20250318/image_02805.npy,Not enough keypoints in query image,0.0000
../data/raw/worms/extracted/20250318/image_02806.npy,Not enough keypoints in query image,0.0000
../data/raw/worms/extracted/20250318/image_02807.npy,Not enough keypoints in query image,0.0000
../data/raw/worms/extracted/20250318/image_02808.npy,Not enough keypoints in query image,0.0000
../data/raw/worms/extracted/20250318/image_02809.npy,Not enough keypoints in query image,0.0000
../data/raw/worms/extracted/20250318/image_02810.npy,Not enough keypoints in query image,0.0000
../data/raw/worms/extracted/20250318/image_02811.npy,Not enough keypoints in query image,0.0000
../data/raw/worms/extracted/20250318/image_02812.npy,Not enough keypoints in query image,0.0000
../data/raw/worms/extracted/20250318/image_02813.npy,Not enough keypoints in query image,0.0000
../data/raw/worms/extracted/20250318/image_02814.npy,Not enough keypoints in query image,0.0000
../data/raw/worms/extracted/20250318/image_02815.npy,Not enough keypoints in query image,0.0000
../data/raw/worms/extracted/20250318/image_02816.npy,Not enough keypoints in query image,0.0000
../data/raw/worms/extracted/20250318/image_02817.npy,Not enough keypoints in query image,0.0000
../data/raw/worms/extracted/20250318/image_02818.npy,Not enough keypoints in query image,0.0000
../data/raw/worms/extracted/20250318/image_02819.npy,Not enough keypoints in query image,0.0000
../data/raw/worms/extracted/20250318/image_02820.npy,Not enough keypoints in query image,0.0000
../data/raw/worms/extracted/20250318/image_02821.npy,Not enough keypoints in query image,0.0000
../data/raw/worms/extracted/20250318/image_02822.npy,Not enough keypoints in query image,0.0000
../data/raw/worms/extracted/20250318/image_02823.npy,Not enough keypoints in query image,0.0000
../data/raw/worms/extracted/20250318/image_02824.npy,Not enough keypoints in query image,0.0000
../data/raw/worms/extracted/20250318/image_02825.npy,Not enough keypoints in query image,0.0000
../data/raw/worms/extracted/20250318/image_02826.npy,Not enough keypoints in query image,0.0000
../data/raw/worms/extracted/20250318/image_02827.npy,Not enough keypoints in query image,0.0000
../data/raw/worms/extracted/20250318/image_02828.npy,Not enough keypoints in query image,0.0000
../data/raw/worms/extracted/20250318/image_02829.npy,Not enough keypoints in query image,0.0000
../data/raw/worms/extracted/20250318/image_02830.npy,Not enough keypoints in query image,0.0000
../data/raw/worms/extracted/20250318/image_02831.npy,Not enough keypoints in query image,0.0000
../data/raw/worms/extracted/20250318/image_02832.npy,Not enough keypoints in query image,0.0000
../data/raw/worms/extracted/20250318/image_02833.npy,Not enough keypoints in query image,0.0000
../data/raw/worms/extracted/20250318/image_02834.npy,Not enough keypoints in query image,0.0000
../data/raw/worms/extracted/20250318/image_02835.npy,Not enough keypoints in query image,0.0000
../data/raw/worms/extracted/20250318/image_02836.npy,Not enough keypoints in query image,0.0000
../data/raw/worms/extracted/20250318/image_02837.npy,Not enough keypoints in query image,0.0000
../data/raw/worms/extracted/20250318/image_02838.npy,Not enough keypoints in query image,0.0000
../data/raw/worms/extracted/20250318/image_02839.npy,Not enough keypoints in query image,0.0000
../data/raw/worms/extracted/20250318/image_02840.npy,Not enough keypoints in query image,0.0000
../data/raw/worms/extracted/20250318/image_02841.npy,Not enough keypoints in query image,0.0000
../data/raw/worms/extracted/20250318/image_02842.npy,Not enough keypoints in query image,0.0000
../data/raw/worms/extracted/20250318/image_02843.npy,Not enough keypoints in query image,0.0000
../data/raw/worms/extracted/20250318/image_02844.npy,Not enough keypoints in query image,0.0000
../data/raw/worms/extracted/20250318/image_02845.npy,Not enough keypoints in query image,0.0000
../data/raw/worms/extracted/20250318/image_02846.npy,Not enough keypoints in query image,0.0000
../data/raw/worms/extracted/20250318/image_02847.npy,Not enough keypoints in query image,0.0000
../data/raw/worms/extracted/20250318/image_02848.npy,Not enough keypoints in query image,0.0000
../data/raw/worms/extracted/20250318/image_02849.npy,Not enough keypoints in query image,0.0000
../data/raw/worms/extracted/20250318/image_02850.npy,Not enough keypoints in query image,0.0000
../data/raw/worms/extracted/20250318/image_02851.npy,Not enough keypoints in query image,0.0000
../data/raw/worms/extracted/20250318/image_02852.npy,Not enough keypoints in query image,0.0000
../data/raw/worms/extracted/20250318/image_02853.npy,Not enough keypoints in query image,0.0000
../data/raw/worms/extracted/20250318/image_02854.npy,Not enough keypoints in query image,0.0000
../data/raw/worms/extracted/20250318/image_02855.npy,Not enough keypoints in query image,0.0000
../data/raw/worms/extracted/20250318/image_02856.npy,Not enough keypoints in query image,0.0000
../data/raw/worms/extracted/20250318/image_02857.npy,Not enough keypoints in query image,0.0000
../data/raw/worms/extracted/20250318/image_02858.npy,Not enough keypoints in query image,0.0000
../data/raw/worms/extracted/20250318/image_02859.npy,Not enough keypoints in query image,0.0000
../data/raw/worms/extracted/20250318/image_02860.npy,Not enough keypoints in query image,0.0000
../data/raw/worms/extracted/20250318/image_02861.npy,Not enough keypoints in query image,0.0000
../data/raw/worms/extracted/20250318/image_02862.npy,Not enough keypoints in query image,0.0000
../data/raw/worms/extracted/20250318/image_02863.npy,Not enough keypoints in query image,0.0000
../data/raw/worms/extracted/20250318/image_02864.npy,Not enough keypoints in query image,0.0000
../data/raw/worms/extracted/20250318/image_02865.npy,Not enough keypoints in query image,0.0000
../data/raw/worms/extracted/20250318/image_02866.npy,Not enough keypoints in query image,0.0000
../data/raw/worms/extracted/20250318/image_02867.npy,Not enough keypoints in query image,0.0000
../data/raw/worms/extracted/20250318/image_02868.npy,Not enough keypoints in query image,0.0000
../data/raw/worms/extracted/20250318/image_02869.npy,Not enough keypoints in query image,0.0000
../data/raw/worms/extracted/20250318/image_02870.npy,Not enough keypoints in query image,0.0000
../data/raw/worms/extracted/20250318/image_02871.npy,Not enough keypoints in query image,0.0000
../data/raw/worms/extracted/20250318/image_02872.npy,Not enough keypoints in query image,0.0000
../data/raw/worms/extracted/20250318/image_02873.npy,Not enough keypoints in query image,0.0000
../data/raw/worms/extracted/20250318/image_02874.npy,Not enough keypoints in query image,0.0000
../data/raw/worms/extracted/20250318/image_02875.npy,Not enough keypoints in query image,0.0000
../data/raw/worms/extracted/20250318/image_02876.npy,Not enough keypoints in query image,0.0000
../data/raw/worms/extracted/20250318/image_02877.npy,Not enough keypoints in query image,0.0000
../data/raw/worms/extracted/20250318/image_02878.npy,Not enough keypoints in query image,0.0000
../data/raw/worms/extracted/20250318/image_02879.npy,Not enough keypoints in query image,0.0000
../data/raw/worms/extracted/20250318/image_02880.npy,Not enough keypoints in query image,0.0000
../data/raw/worms/extracted/20250318/image_02881.npy,Not enough keypoints in query image,0.0000
../data/raw/worms/extracted/20250318/image_02882.npy,Not enough keypoints in query image,0.0000
../data/raw/worms/extracted/20250318/image_02883.npy,Not enough keypoints in query image,0.0000
../data/raw/worms/extracted/20250318/image_02884.npy,Not enough keypoints in query image,0.0000
../data/raw/worms/extracted/20250318/image_02885.npy,Not enough keypoints in query image,0.0000
../data/raw/worms/extracted/20250318/image_02886.npy,Not enough keypoints in query image,0.0000
../data/raw/worms/extracted/20250318/image_02887.npy,Not enough keypoints in query image,0.0000
../data/raw/worms/extracted/20250318/image_02888.npy,Not enough keypoints in query image,0.0000
../data/raw/worms/extracted/20250318/image_02889.npy,Not enough keypoints in query image,0.0000
../data/raw/worms/extracted/20250318/image_02890.npy,Not enough keypoints in query image,0.0000
../data/raw/worms/extracted/20250318/image_02891.npy,Not enough keypoints in query image,0.0000
../data/raw/worms/extracted/20250318/image_02892.npy,Not enough keypoints in query image,0.0000
../data/raw/worms/extracted/20250318/image_02893.npy,Not enough keypoints in query image,0.0000
../data/raw/worms/extracted/20250318/image_02894.npy,Not enough keypoints in query image,0.0000
../data/raw/worms/extracted/20250318/image_02895.npy,Not enough keypoints in query image,0.0000
../data/raw/worms/extracted/20250318/image_02896.npy,Not enough keypoints in query image,0.0000
../data/raw/worms/extracted/20250318/image_02897.npy,Not enough keypoints in query image,0.0000
../data/raw/worms/extracted/20250318/image_02898.npy,Not enough keypoints in query image,0.0000
../data/raw/worms/extracted/20250318/image_02899.npy,Not enough keypoints in query image,0.0000
../data/raw/worms/extracted/20250318/image_02900.npy,Not enough keypoints in query image,0.0000
../data/raw/worms/extracted/20250318/image_02901.npy,Not enough keypoints in query image,0.0000
../data/raw/worms/extracted/20250318/image_02902.npy,Not enough keypoints in query image,0.0000
../data/raw/worms/extracted/20250318/image_02903.npy,Not enough keypoints in query image,0.0000
../data/raw/worms/extracted/20250318/image_02904.npy,Not enough keypoints in query image,0.0000
../data/raw/worms/extracted/20250318/image_02905.npy,Not enough keypoints in query image,0.0000
../data/raw/worms/extracted/20250318/image_02906.npy,Not enough keypoints in query image,0.0000
../data/raw/worms/extracted/20250318/image_02907.npy,Not enough keypoints in query image,0.0000
../data/raw/worms/extracted/20250318/image_02908.npy,Not enough keypoints in query image,0.0000
../data/raw/worms/extracted/20250318/image_02909.npy,Not enough keypoints in query image,0.0000
../data/raw/worms/extracted/20250318/image_02910.npy,Not enough keypoints in query image,0.0000
../data/raw/worms/extracted/20250318/image_02911.npy,Not enough keypoints in query image,0.0000
../data/raw/worms/extracted/20250318/image_02912.npy,Not enough keypoints in query image,0.0000
../data/raw/worms/extracted/20250318/image_02913.npy,Not enough keypoints in query image,0.0000
../data/raw/worms/extracted/20250318/image_02914.npy,Not enough keypoints in query image,0.0000
../data/raw/worms/extracted/20250318/image_02915.npy,Not enough keypoints in query image,0.0000
../data/raw/worms/extracted/20250318/image_02916.npy,Not enough keypoints in query image,0.0000
../data/raw/worms/extracted/20250318/image_02917.npy,Not enough keypoints in query image,0.0000
../data/raw/worms/extracted/20250318/image_02918.npy,Not enough keypoints in query image,0.0000
../data/raw/worms/extracted/20250318/image_02919.npy,Not enough keypoints in query image,0.0000
../data/raw/worms/extracted/20250318/image_02920.npy,Not enough keypoints in query image,0.0000
../data/raw/worms/extracted/20250318/image_02921.npy,Not enough keypoints in query image,0.0000
../data/raw/worms/extracted/20250318/image_02922.npy,Not enough keypoints in query image,0.0000
../data/raw/worms/extracted/20250318/image_02923.npy,Not enough keypoints in query image,0.0000
../data/raw/worms/extracted/20250318/image_02924.npy,Not enough keypoints in query image,0.0000
../data/raw/worms/extracted/20250318/image_02925.npy,Not enough keypoints in query image,0.0000
../data/raw/worms/extracted/20250318/image_02926.npy,Not enough keypoints in query image,0.0000
../data/raw/worms/extracted/20250318/image_02927.npy,Not enough keypoints in query image,0.0000
../data/raw/worms/extracted/20250318/image_02928.npy,Not enough keypoints in query image,0.0000
../data/raw/worms/extracted/20250318/image_02929.npy,Not enough keypoints in query image,0.0000
../data/raw/worms/extracted/20250318/image_02930.npy,Not enough keypoints in query image,0.0000
../data/raw/worms/extracted/20250318/image_02931.npy,Not enough keypoints in query image,0.0000
../data/raw/worms/extracted/20250318/image_02932.npy,Not enough keypoints in query image,0.0000
../data/raw/worms/extracted/20250318/image_02933.npy,Not enough keypoints in query image,0.0000
../data/raw/worms/extracted/20250318/image_02934.npy,Not enough keypoints in query image,0.0000
../data/raw/worms/extracted/20250318/image_02935.npy,Not enough keypoints in query image,0.0000
../data/raw/worms/extracted/20250318/image_02936.npy,Not enough keypoints in query image,0.0000
../data/raw/worms/extracted/20250318/image_02937.npy,Not enough keypoints in query image,0.0000
../data/raw/worms/extracted/20250318/image_02938.npy,Not enough keypoints in query image,0.0000
../data/raw/worms/extracted/20250318/image_02939.npy,Not enough keypoints in query image,0.0000
../data/raw/worms/extracted/20250318/image_02940.npy,Not enough keypoints in query image,0.0000
../data/raw/worms/extracted/20250318/image_02941.npy,Not enough keypoints in query image,0.0000
../data/raw/worms/extracted/20250318/image_02942.npy,Not enough keypoints in query image,0.0000
../data/raw/worms/extracted/20250318/image_02943.npy,Not enough keypoints in query image,0.0000
../data/raw/worms/extracted/20250318/image_02944.npy,Not enough keypoints in query image,0.0000
../data/raw/worms/extracted/20250318/image_02945.npy,Not enough keypoints in query image,0.0000
../data/raw/worms/extracted/20250318/image_02946.npy,Not enough keypoints in query image,0.0000
../data/raw/worms/extracted/20250318/image_02947.npy,Not enough keypoints in query image,0.0000
../data/raw/worms/extracted/20250318/image_02948.npy,Not enough keypoints in query image,0.0000
../data/raw/worms/extracted/20250318/image_02949.npy,Not enough keypoints in query image,0.0000
../data/raw/worms/extracted/20250318/image_02950.npy,Not enough keypoints in query image,0.0000
../data/raw/worms/extracted/20250318/image_02951.npy,Not enough keypoints in query image,0.0000
../data/raw/worms/extracted/20250318/image_02952.npy,Not enough keypoints in query image,0.0000
../data/raw/worms/extracted/20250318/image_02953.npy,Not enough keypoints in query image,0.0000
../data/raw/worms/extracted/20250318/image_02954.npy,Not enough keypoints in query image,0.0000
../data/raw/worms/extracted/20250318/image_02955.npy,Not enough keypoints in query image,0.0000
../data/raw/worms/extracted/20250318/image_02956.npy,Not enough keypoints in query image,0.0000
../data/raw/worms/extracted/20250318/image_02957.npy,Not enough keypoints in query image,0.0000
../data/raw/worms/extracted/20250318/image_02958.npy,Not enough keypoints in query image,0.0000
../data/raw/worms/extracted/20250318/image_02959.npy,Not enough keypoints in query image,0.0000
../data/raw/worms/extracted/20250318/image_02960.npy,Not enough keypoints in query image,0.0000
../data/raw/worms/extracted/20250318/image_02961.npy,Not enough keypoints in query image,0.0000
../data/raw/worms/extracted/20250318/image_02962.npy,Not enough keypoints in query image,0.0000
../data/raw/worms/extracted/20250318/image_02963.npy,Not enough keypoints in query image,0.0000
../data/raw/worms/extracted/20250318/image_02964.npy,Not enough keypoints in query image,0.0000
../data/raw/worms/extracted/20250318/image_02965.npy,Not enough keypoints in query image,0.0000
../data/raw/worms/extracted/20250318/image_02966.npy,Not enough keypoints in query image,0.0000
../data/raw/worms/extracted/20250318/image_02967.npy,Not enough keypoints in query image,0.0000
../data/raw/worms/extracted/20250318/image_02968.npy,Not enough keypoints in query image,0.0000
../data/raw/worms/extracted/20250318/image_02969.npy,Not enough keypoints in query image,0.0000
../data/raw/worms/extracted/20250318/image_02970.npy,Not enough keypoints in query image,0.0000
../data/raw/worms/extracted/20250318/image_02971.npy,Not enough keypoints in query image,0.0000
../data/raw/worms/extracted/20250318/image_02972.npy,Not enough keypoints in query image,0.0000
../data/raw/worms/extracted/20250318/image_02973.npy,Not enough keypoints in query image,0.0000
../data/raw/worms/extracted/20250318/image_02974.npy,Not enough keypoints in query image,0.0000
../data/raw/worms/extracted/20250318/image_02975.npy,Not enough keypoints in query image,0.0000
../data/raw/worms/extracted/20250318/image_02976.npy,Not enough keypoints in query image,0.0000
../data/raw/worms/extracted/20250318/image_02977.npy,Not enough keypoints in query image,0.0000
../data/raw/worms/extracted/20250318/image_02978.npy,Not enough keypoints in query image,0.0000
../data/raw/worms/extracted/20250318/image_02979.npy,Not enough keypoints in query image,0.0000
../data/raw/worms/extracted/20250318/image_02980.npy,Not enough keypoints in query image,0.0000
../data/raw/worms/extracted/20250318/image_02981.npy,Not enough keypoints in query image,0.0000
../data/raw/worms/extracted/20250318/image_02982.npy,Not enough keypoints in query image,0.0000
../data/raw/worms/extracted/20250318/image_02983.npy,Not enough keypoints in query image,0.0000
../data/raw/worms/extracted/20250318/image_02984.npy,Not enough keypoints in query image,0.0000
../data/raw/worms/extracted/20250318/image_02985.npy,Not enough keypoints in query image,0.0000
../data/raw/worms/extracted/20250318/image_02986.npy,Not enough keypoints in query image,0.0000
../data/raw/worms/extracted/20250318/image_02987.npy,Not enough keypoints in query image,0.0000
../data/raw/worms/extracted/20250318/image_02988.npy,Not enough keypoints in query image,0.0000
../data/raw/worms/extracted/20250318/image_02989.npy,Not enough keypoints in query image,0.0000
../data/raw/worms/extracted/20250318/image_02990.npy,Not enough keypoints in query image,0.0000
../data/raw/worms/extracted/20250318/image_02991.npy,Not enough keypoints in query image,0.0000
../data/raw/worms/extracted/20250318/image_02992.npy,Not enough keypoints in query image,0.0000
../data/raw/worms/extracted/20250318/image_02993.npy,Not enough keypoints in query image,0.0000
../data/raw/worms/extracted/20250318/image_02994.npy,Not enough keypoints in query image,0.0000
../data/raw/worms/extracted/20250318/image_02995.npy,Not enough keypoints in query image,0.0000
../data/raw/worms/extracted/20250318/image_02996.npy,Not enough keypoints in query image,0.0000
../data/raw/worms/extracted/20250318/image_02997.npy,Not enough keypoints in query image,0.0000
../data/raw/worms/extracted/20250318/image_02998.npy,Not enough keypoints in query image,0.0000
../data/raw/worms/extracted/20250318/image_02999.npy,Not enough keypoints in query image,0.0000
../data/raw/worms/extracted/20250318/image_03000.npy,Not enough keypoints in query image,0.0000
../data/raw/worms/extracted/20250318/image_03001.npy,Not enough keypoints in query image,0.0000
../data/raw/worms/extracted/20250318/image_03002.npy,Not enough keypoints in query image,0.0000
../data/raw/worms/extracted/20250318/image_03003.npy,Not enough keypoints in query image,0.0000
../data/raw/worms/extracted/20250318/image_03004.npy,Not enough keypoints in query image,0.0000
../data/raw/worms/extracted/20250318/image_03005.npy,Not enough keypoints in query image,0.0000
../data/raw/worms/extracted/20250318/image_03006.npy,Not enough keypoints in query image,0.0000
../data/raw/worms/extracted/20250318/image_03007.npy,Not enough keypoints in query image,0.0000
../data/raw/worms/extracted/20250318/image_03008.npy,Not enough keypoints in query image,0.0000
../data/raw/worms/extracted/20250318/image_03009.npy,Not enough keypoints in query image,0.0000
../data/raw/worms/extracted/20250318/image_03010.npy,Not enough keypoints in query image,0.0000
../data/raw/worms/extracted/20250318/image_03011.npy,Not enough keypoints in query image,0.0000
../data/raw/worms/extracted/20250318/image_03012.npy,Not enough keypoints in query image,0.0000
../data/raw/worms/extracted/20250318/image_03013.npy,Not enough keypoints in query image,0.0000
../data/raw/worms/extracted/20250318/image_03014.npy,Not enough keypoints in query image,0.0000
../data/raw/worms/extracted/20250318/image_03015.npy,Not enough keypoints in query image,0.0000
../data/raw/worms/extracted/20250318/image_03016.npy,Not enough keypoints in query image,0.0000
../data/raw/worms/extracted/20250318/image_03017.npy,Not enough keypoints in query image,0.0000
../data/raw/worms/extracted/20250318/image_03018.npy,Not enough keypoints in query image,0.0000
../data/raw/worms/extracted/20250318/image_03019.npy,Not enough keypoints in query image,0.0000
../data/raw/worms/extracted/20250318/image_03020.npy,Not enough keypoints in query image,0.0000
../data/raw/worms/extracted/20250318/image_03021.npy,Not enough keypoints in query image,0.0000
../data/raw/worms/extracted/20250318/image_03022.npy,Not enough keypoints in query image,0.0000
../data/raw/worms/extracted/20250318/image_03023.npy,Not enough keypoints in query image,0.0000
../data/raw/worms/extracted/20250318/image_03024.npy,Not enough keypoints in query image,0.0000
../data/raw/worms/extracted/20250318/image_03025.npy,Not enough keypoints in query image,0.0000
../data/raw/worms/extracted/20250318/image_03026.npy,Not enough keypoints in query image,0.0000
../data/raw/worms/extracted/20250318/image_03027.npy,Not enough keypoints in query image,0.0000
../data/raw/worms/extracted/20250318/image_03028.npy,Not enough keypoints in query image,0.0000
../data/raw/worms/extracted/20250318/image_03029.npy,Not enough keypoints in query image,0.0000
../data/raw/worms/extracted/20250318/image_03030.npy,Not enough keypoints in query image,0.0000
../data/raw/worms/extracted/20250318/image_03031.npy,Not enough keypoints in query image,0.0000
../data/raw/worms/extracted/20250318/image_03032.npy,Not enough keypoints in query image,0.0000
../data/raw/worms/extracted/20250318/image_03033.npy,Not enough keypoints in query image,0.0000
../data/raw/worms/extracted/20250318/image_03034.npy,Not enough keypoints in query image,0.0000
../data/raw/worms/extracted/20250318/image_03035.npy,Not enough keypoints in query image,0.0000
../data/raw/worms/extracted/20250318/image_03036.npy,Not enough keypoints in query image,0.0000
../data/raw/worms/extracted/20250318/image_03037.npy,Not enough keypoints in query image,0.0000
../data/raw/worms/extracted/20250318/image_03038.npy,Not enough keypoints in query image,0.0000
../data/raw/worms/extracted/20250318/image_03039.npy,Not enough keypoints in query image,0.0000
../data/raw/worms/extracted/20250318/image_03040.npy,Not enough keypoints in query image,0.0000
../data/raw/worms/extracted/20250318/image_03041.npy,Not enough keypoints in query image,0.0000
../data/raw/worms/extracted/20250318/image_03042.npy,Not enough keypoints in query image,0.0000
../data/raw/worms/extracted/20250318/image_03043.npy,Not enough keypoints in query image,0.0000
../data/raw/worms/extracted/20250318/image_03044.npy,Not enough keypoints in query image,0.0000
../data/raw/worms/extracted/20250318/image_03045.npy,Not enough keypoints in query image,0.0000
../data/raw/worms/extracted/20250318/image_03046.npy,Not enough keypoints in query image,0.0000
../data/raw/worms/extracted/20250318/image_03047.npy,Not enough keypoints in query image,0.0000
../data/raw/worms/extracted/20250318/image_03048.npy,Not enough keypoints in query image,0.0000
../data/raw/worms/extracted/20250318/image_03049.npy,Not enough keypoints in query image,0.0000
../data/raw/worms/extracted/20250318/image_03050.npy,Not enough keypoints in query image,0.0000
../data/raw/worms/extracted/20250318/image_03051.npy,Not enough keypoints in query image,0.0000
../data/raw/worms/extracted/20250318/image_03052.npy,Not enough keypoints in query image,0.0000
../data/raw/worms/extracted/20250318/image_03053.npy,Not enough keypoints in query image,0.0000
../data/raw/worms/extracted/20250318/image_03054.npy,Not enough keypoints in query image,0.0000
../data/raw/worms/extracted/20250318/image_03055.npy,Not enough keypoints in query image,0.0000
../data/raw/worms/extracted/20250318/image_03056.npy,Not enough keypoints in query image,0.0000
../data/raw/worms/extracted/20250318/image_03057.npy,Not enough keypoints in query image,0.0000
../data/raw/worms/extracted/20250318/image_03058.npy,Not enough keypoints in query image,0.0000
../data/raw/worms/extracted/20250318/image_03059.npy,Not enough keypoints in query image,0.0000
../data/raw/worms/extracted/20250318/image_03060.npy,Not enough keypoints in query image,0.0000
../data/raw/worms/extracted/20250318/image_03061.npy,Not enough keypoints in query image,0.0000
../data/raw/worms/extracted/20250318/image_03062.npy,Not enough keypoints in query image,0.0000
../data/raw/worms/extracted/20250318/image_03063.npy,Not enough keypoints in query image,0.0000
../data/raw/worms/extracted/20250318/image_03064.npy,Not enough keypoints in query image,0.0000
../data/raw/worms/extracted/20250318/image_03065.npy,Not enough keypoints in query image,0.0000
../data/raw/worms/extracted/20250318/image_03066.npy,Not enough keypoints in query image,0.0000
../data/raw/worms/extracted/20250318/image_03067.npy,Not enough keypoints in query image,0.0000
../data/raw/worms/extracted/20250318/image_03068.npy,Not enough keypoints in query image,0.0000
../data/raw/worms/extracted/20250318/image_03069.npy,Not enough keypoints in query image,0.0000
../data/raw/worms/extracted/20250318/image_03070.npy,Not enough keypoints in query image,0.0000
../data/raw/worms/extracted/20250318/image_03071.npy,Not enough keypoints in query image,0.0000
../data/raw/worms/extracted/20250318/image_03072.npy,Not enough keypoints in query image,0.0000
../data/raw/worms/extracted/20250318/image_03073.npy,Not enough keypoints in query image,0.0000
../data/raw/worms/extracted/20250318/image_03074.npy,Not enough keypoints in query image,0.0000
../data/raw/worms/extracted/20250318/image_03075.npy,Not enough keypoints in query image,0.0000
../data/raw/worms/extracted/20250318/image_03076.npy,Not enough keypoints in query image,0.0000
../data/raw/worms/extracted/20250318/image_03077.npy,Not enough keypoints in query image,0.0000
../data/raw/worms/extracted/20250318/image_03078.npy,Not enough keypoints in query image,0.0000
../data/raw/worms/extracted/20250318/image_03079.npy,Not enough keypoints in query image,0.0000
../data/raw/worms/extracted/20250318/image_03080.npy,Not enough keypoints in query image,0.0000
../data/raw/worms/extracted/20250318/image_03081.npy,Not enough keypoints in query image,0.0000
../data/raw/worms/extracted/20250318/image_03082.npy,Not enough keypoints in query image,0.0000
../data/raw/worms/extracted/20250318/image_03083.npy,Not enough keypoints in query image,0.0000
../data/raw/worms/extracted/20250318/image_03084.npy,Not enough keypoints in query image,0.0000
../data/raw/worms/extracted/20250318/image_03085.npy,Not enough keypoints in query image,0.0000
../data/raw/worms/extracted/20250318/image_03086.npy,Not enough keypoints in query image,0.0000
../data/raw/worms/extracted/20250318/image_03087.npy,Not enough keypoints in query image,0.0000
../data/raw/worms/extracted/20250318/image_03088.npy,Not enough keypoints in query image,0.0000
../data/raw/worms/extracted/20250318/image_03089.npy,Not enough keypoints in query image,0.0000
../data/raw/worms/extracted/20250318/image_03090.npy,Not enough keypoints in query image,0.0000
../data/raw/worms/extracted/20250318/image_03091.npy,Not enough keypoints in query image,0.0000
../data/raw/worms/extracted/20250318/image_03092.npy,Not enough keypoints in query image,0.0000
../data/raw/worms/extracted/20250318/image_03093.npy,Not enough keypoints in query image,0.0000
../data/raw/worms/extracted/20250318/image_03094.npy,Not enough keypoints in query image,0.0000
../data/raw/worms/extracted/20250318/image_03095.npy,Not enough keypoints in query image,0.0000
../data/raw/worms/extracted/20250318/image_03096.npy,Not enough keypoints in query image,0.0000
../data/raw/worms/extracted/20250318/image_03097.npy,Not enough keypoints in query image,0.0000
../data/raw/worms/extracted/20250318/image_03098.npy,Not enough keypoints in query image,0.0000
../data/raw/worms/extracted/20250318/image_03099.npy,Not enough keypoints in query image,0.0000
../data/raw/worms/extracted/20250318/image_03100.npy,Not enough keypoints in query image,0.0000
../data/raw/worms/extracted/20250318/image_03101.npy,Not enough keypoints in query image,0.0000
../data/raw/worms/extracted/20250318/image_03102.npy,Not enough keypoints in query image,0.0000
../data/raw/worms/extracted/20250318/image_03103.npy,Not enough keypoints in query image,0.0000
../data/raw/worms/extracted/20250318/image_03104.npy,Not enough keypoints in query image,0.0000
../data/raw/worms/extracted/20250318/image_03105.npy,Not enough keypoints in query image,0.0000
../data/raw/worms/extracted/20250318/image_03106.npy,Not enough keypoints in query image,0.0000
../data/raw/worms/extracted/20250318/image_03107.npy,Not enough keypoints in query image,0.0000
../data/raw/worms/extracted/20250318/image_03108.npy,Not enough keypoints in query image,0.0000
../data/raw/worms/extracted/20250318/image_03109.npy,Not enough keypoints in query image,0.0000
../data/raw/worms/extracted/20250318/image_03110.npy,Not enough keypoints in query image,0.0000
../data/raw/worms/extracted/20250318/image_03111.npy,Not enough keypoints in query image,0.0000
../data/raw/worms/extracted/20250318/image_03112.npy,Not enough keypoints in query image,0.0000
../data/raw/worms/extracted/20250318/image_03113.npy,Not enough keypoints in query image,0.0000
../data/raw/worms/extracted/20250318/image_03114.npy,Not enough keypoints in query image,0.0000
../data/raw/worms/extracted/20250318/image_03115.npy,Not enough keypoints in query image,0.0000
../data/raw/worms/extracted/20250318/image_03116.npy,Not enough keypoints in query image,0.0000
../data/raw/worms/extracted/20250318/image_03117.npy,Not enough keypoints in query image,0.0000
../data/raw/worms/extracted/20250318/image_03118.npy,Not enough keypoints in query image,0.0000
../data/raw/worms/extracted/20250318/image_03119.npy,Not enough keypoints in query image,0.0000
../data/raw/worms/extracted/20250318/image_03120.npy,Not enough keypoints in query image,0.0000
../data/raw/worms/extracted/20250318/image_03121.npy,Not enough keypoints in query image,0.0000
../data/raw/worms/extracted/20250318/image_03122.npy,Not enough keypoints in query image,0.0000
../data/raw/worms/extracted/20250318/image_03123.npy,Not enough keypoints in query image,0.0000
../data/raw/worms/extracted/20250318/image_03124.npy,Not enough keypoints in query image,0.0000
../data/raw/worms/extracted/20250318/image_03125.npy,Not enough keypoints in query image,0.0000
../data/raw/worms/extracted/20250318/image_03126.npy,Not enough keypoints in query image,0.0000
../data/raw/worms/extracted/20250318/image_03127.npy,Not enough keypoints in query image,0.0000
../data/raw/worms/extracted/20250318/image_03128.npy,Not enough keypoints in query image,0.0000
../data/raw/worms/extracted/20250318/image_03129.npy,Not enough keypoints in query image,0.0000
../data/raw/worms/extracted/20250318/image_03130.npy,Not enough keypoints in query image,0.0000
../data/raw/worms/extracted/20250318/image_03131.npy,Not enough keypoints in query image,0.0000
../data/raw/worms/extracted/20250318/image_03132.npy,Not enough keypoints in query image,0.0000
../data/raw/worms/extracted/20250318/image_03133.npy,Not enough keypoints in query image,0.0000
../data/raw/worms/extracted/20250318/image_03134.npy,Not enough keypoints in query image,0.0000
../data/raw/worms/extracted/20250318/image_03135.npy,Not enough keypoints in query image,0.0000
../data/raw/worms/extracted/20250318/image_03136.npy,Not enough keypoints in query image,0.0000
../data/raw/worms/extracted/20250318/image_03137.npy,Not enough keypoints in query image,0.0000
../data/raw/worms/extracted/20250318/image_03138.npy,Not enough keypoints in query image,0.0000
../data/raw/worms/extracted/20250318/image_03139.npy,Not enough keypoints in query image,0.0000
../data/raw/worms/extracted/20250318/image_03140.npy,Not enough keypoints in query image,0.0000
../data/raw/worms/extracted/20250318/image_03141.npy,Not enough keypoints in query image,0.0000
../data/raw/worms/extracted/20250318/image_03142.npy,Not enough keypoints in query image,0.0000
../data/raw/worms/extracted/20250318/image_03143.npy,Not enough keypoints in query image,0.0000
../data/raw/worms/extracted/20250318/image_03144.npy,Not enough keypoints in query image,0.0000
../data/raw/worms/extracted/20250318/image_03145.npy,Not enough keypoints in query image,0.0000
../data/raw/worms/extracted/20250318/image_03146.npy,Not enough keypoints in query image,0.0000
../data/raw/worms/extracted/20250318/image_03147.npy,Not enough keypoints in query image,0.0000
../data/raw/worms/extracted/20250318/image_03148.npy,Not enough keypoints in query image,0.0000
../data/raw/worms/extracted/20250318/image_03149.npy,Not enough keypoints in query image,0.0000
../data/raw/worms/extracted/20250318/image_03150.npy,Not enough keypoints in query image,0.0000
../data/raw/worms/extracted/20250318/image_03151.npy,Not enough keypoints in query image,0.0000
../data/raw/worms/extracted/20250318/image_03152.npy,Not enough keypoints in query image,0.0000
../data/raw/worms/extracted/20250318/image_03153.npy,Not enough keypoints in query image,0.0000
../data/raw/worms/extracted/20250318/image_03154.npy,Not enough keypoints in query image,0.0000
../data/raw/worms/extracted/20250318/image_03155.npy,Not enough keypoints in query image,0.0000
../data/raw/worms/extracted/20250318/image_03156.npy,Not enough keypoints in query image,0.0000
../data/raw/worms/extracted/20250318/image_03157.npy,Not enough keypoints in query image,0.0000
../data/raw/worms/extracted/20250318/image_03158.npy,Not enough keypoints in query image,0.0000
../data/raw/worms/extracted/20250318/image_03159.npy,Not enough keypoints in query image,0.0000
../data/raw/worms/extracted/20250318/image_03160.npy,Not enough keypoints in query image,0.0000
../data/raw/worms/extracted/20250318/image_03161.npy,Not enough keypoints in query image,0.0000
../data/raw/worms/extracted/20250318/image_03162.npy,Not enough keypoints in query image,0.0000
../data/raw/worms/extracted/20250318/image_03163.npy,Not enough keypoints in query image,0.0000
../data/raw/worms/extracted/20250318/image_03164.npy,Not enough keypoints in query image,0.0000
../data/raw/worms/extracted/20250318/image_03165.npy,Not enough keypoints in query image,0.0000
../data/raw/worms/extracted/20250318/image_03166.npy,Not enough keypoints in query image,0.0000
../data/raw/worms/extracted/20250318/image_03167.npy,Not enough keypoints in query image,0.0000
../data/raw/worms/extracted/20250318/image_03168.npy,Not enough keypoints in query image,0.0000
../data/raw/worms/extracted/20250318/image_03169.npy,Not enough keypoints in query image,0.0000
../data/raw/worms/extracted/20250318/image_03170.npy,Not enough keypoints in query image,0.0000
../data/raw/worms/extracted/20250318/image_03171.npy,Not enough keypoints in query image,0.0000
../data/raw/worms/extracted/20250318/image_03172.npy,Not enough keypoints in query image,0.0000
../data/raw/worms/extracted/20250318/image_03173.npy,Not enough keypoints in query image,0.0000
../data/raw/worms/extracted/20250318/image_03174.npy,Not enough keypoints in query image,0.0000
../data/raw/worms/extracted/20250318/image_03175.npy,Not enough keypoints in query image,0.0000
../data/raw/worms/extracted/20250318/image_03176.npy,Not enough keypoints in query image,0.0000
../data/raw/worms/extracted/20250318/image_03177.npy,Not enough keypoints in query image,0.0000
../data/raw/worms/extracted/20250318/image_03178.npy,Not enough keypoints in query image,0.0000
../data/raw/worms/extracted/20250318/image_03179.npy,Not enough keypoints in query image,0.0000
../data/raw/worms/extracted/20250318/image_03180.npy,Not enough keypoints in query image,0.0000
../data/raw/worms/extracted/20250318/image_03181.npy,Not enough keypoints in query image,0.0000
../data/raw/worms/extracted/20250318/image_03182.npy,Not enough keypoints in query image,0.0000
../data/raw/worms/extracted/20250318/image_03183.npy,Not enough keypoints in query image,0.0000
../data/raw/worms/extracted/20250318/image_03184.npy,Not enough keypoints in query image,0.0000
../data/raw/worms/extracted/20250318/image_03185.npy,Not enough keypoints in query image,0.0000
../data/raw/worms/extracted/20250318/image_03186.npy,Not enough keypoints in query image,0.0000
../data/raw/worms/extracted/20250318/image_03187.npy,Not enough keypoints in query image,0.0000
../data/raw/worms/extracted/20250318/image_03188.npy,Not enough keypoints in query image,0.0000
../data/raw/worms/extracted/20250318/image_03189.npy,Not enough keypoints in query image,0.0000
../data/raw/worms/extracted/20250318/image_03190.npy,Not enough keypoints in query image,0.0000
../data/raw/worms/extracted/20250318/image_03191.npy,Not enough keypoints in query image,0.0000
../data/raw/worms/extracted/20250318/image_03192.npy,Not enough keypoints in query image,0.0000
../data/raw/worms/extracted/20250318/image_03193.npy,Not enough keypoints in query image,0.0000
../data/raw/worms/extracted/20250318/image_03194.npy,Not enough keypoints in query image,0.0000
../data/raw/worms/extracted/20250318/image_03195.npy,Not enough keypoints in query image,0.0000
../data/raw/worms/extracted/20250318/image_03196.npy,Not enough keypoints in query image,0.0000
../data/raw/worms/extracted/20250318/image_03197.npy,Not enough keypoints in query image,0.0000
../data/raw/worms/extracted/20250318/image_03198.npy,Not enough keypoints in query image,0.0000
../data/raw/worms/extracted/20250318/image_03199.npy,Not enough keypoints in query image,0.0000
../data/raw/worms/extracted/20250318/image_03200.npy,Not enough keypoints in query image,0.0000
../data/raw/worms/extracted/20250318/image_03201.npy,Not enough keypoints in query image,0.0000
../data/raw/worms/extracted/20250318/image_03202.npy,Not enough keypoints in query image,0.0000
../data/raw/worms/extracted/20250318/image_03203.npy,Not enough keypoints in query image,0.0000
../data/raw/worms/extracted/20250318/image_03204.npy,Not enough keypoints in query image,0.0000
../data/raw/worms/extracted/20250318/image_03205.npy,Not enough keypoints in query image,0.0000
../data/raw/worms/extracted/20250318/image_03206.npy,Not enough keypoints in query image,0.0000
../data/raw/worms/extracted/20250318/image_03207.npy,Not enough keypoints in query image,0.0000
../data/raw/worms/extracted/20250318/image_03208.npy,Not enough keypoints in query image,0.0000
../data/raw/worms/extracted/20250318/image_03209.npy,Not enough keypoints in query image,0.0000
../data/raw/worms/extracted/20250318/image_03210.npy,Not enough keypoints in query image,0.0000
../data/raw/worms/extracted/20250318/image_03211.npy,Not enough keypoints in query image,0.0000
../data/raw/worms/extracted/20250318/image_03212.npy,Not enough keypoints in query image,0.0000
../data/raw/worms/extracted/20250318/image_03213.npy,Not enough keypoints in query image,0.0000
../data/raw/worms/extracted/20250318/image_03214.npy,Not enough keypoints in query image,0.0000
../data/raw/worms/extracted/20250318/image_03215.npy,Not enough keypoints in query image,0.0000
../data/raw/worms/extracted/20250318/image_03216.npy,Not enough keypoints in query image,0.0000
../data/raw/worms/extracted/20250318/image_03217.npy,Not enough keypoints in query image,0.0000
../data/raw/worms/extracted/20250318/image_03218.npy,Not enough keypoints in query image,0.0000
../data/raw/worms/extracted/20250318/image_03219.npy,Not enough keypoints in query image,0.0000
../data/raw/worms/extracted/20250318/image_03220.npy,Not enough keypoints in query image,0.0000
../data/raw/worms/extracted/20250318/image_03221.npy,Not enough keypoints in query image,0.0000
../data/raw/worms/extracted/20250318/image_03222.npy,Not enough keypoints in query image,0.0000
../data/raw/worms/extracted/20250318/image_03223.npy,Not enough keypoints in query image,0.0000
../data/raw/worms/extracted/20250318/image_03224.npy,Not enough keypoints in query image,0.0000
../data/raw/worms/extracted/20250318/image_03225.npy,Not enough keypoints in query image,0.0000
../data/raw/worms/extracted/20250318/image_03226.npy,Not enough keypoints in query image,0.0000
../data/raw/worms/extracted/20250318/image_03227.npy,Not enough keypoints in query image,0.0000
../data/raw/worms/extracted/20250318/image_03228.npy,Not enough keypoints in query image,0.0000
../data/raw/worms/extracted/20250318/image_03229.npy,Not enough keypoints in query image,0.0000
../data/raw/worms/extracted/20250318/image_03230.npy,Not enough keypoints in query image,0.0000
../data/raw/worms/extracted/20250318/image_03231.npy,Not enough keypoints in query image,0.0000
../data/raw/worms/extracted/20250318/image_03232.npy,Not enough keypoints in query image,0.0000
../data/raw/worms/extracted/20250318/image_03233.npy,Not enough keypoints in query image,0.0000
../data/raw/worms/extracted/20250318/image_03234.npy,Not enough keypoints in query image,0.0000
../data/raw/worms/extracted/20250318/image_03235.npy,Not enough keypoints in query image,0.0000
../data/raw/worms/extracted/20250318/image_03236.npy,Not enough keypoints in query image,0.0000
../data/raw/worms/extracted/20250318/image_03237.npy,Not enough keypoints in query image,0.0000
../data/raw/worms/extracted/20250318/image_03238.npy,Not enough keypoints in query image,0.0000
../data/raw/worms/extracted/20250318/image_03239.npy,Not enough keypoints in query image,0.0000
../data/raw/worms/extracted/20250318/image_03240.npy,Not enough keypoints in query image,0.0000
../data/raw/worms/extracted/20250318/image_03241.npy,Not enough keypoints in query image,0.0000
../data/raw/worms/extracted/20250318/image_03242.npy,Not enough keypoints in query image,0.0000
../data/raw/worms/extracted/20250318/image_03243.npy,Not enough keypoints in query image,0.0000
../data/raw/worms/extracted/20250318/image_03244.npy,Not enough keypoints in query image,0.0000
../data/raw/worms/extracted/20250318/image_03245.npy,Not enough keypoints in query image,0.0000
../data/raw/worms/extracted/20250318/image_03246.npy,Not enough keypoints in query image,0.0000
../data/raw/worms/extracted/20250318/image_03247.npy,Not enough keypoints in query image,0.0000
../data/raw/worms/extracted/20250318/image_03248.npy,Not enough keypoints in query image,0.0000
../data/raw/worms/extracted/20250318/image_03249.npy,Not enough keypoints in query image,0.0000
../data/raw/worms/extracted/20250318/image_03250.npy,Not enough keypoints in query image,0.0000
../data/raw/worms/extracted/20250318/image_03251.npy,Not enough keypoints in query image,0.0000
../data/raw/worms/extracted/20250318/image_03252.npy,Not enough keypoints in query image,0.0000
../data/raw/worms/extracted/20250318/image_03253.npy,Not enough keypoints in query image,0.0000
../data/raw/worms/extracted/20250318/image_03254.npy,Not enough keypoints in query image,0.0000
../data/raw/worms/extracted/20250318/image_03255.npy,Not enough keypoints in query image,0.0000
../data/raw/worms/extracted/20250318/image_03256.npy,Not enough keypoints in query image,0.0000
../data/raw/worms/extracted/20250318/image_03257.npy,Not enough keypoints in query image,0.0000
../data/raw/worms/extracted/20250318/image_03258.npy,Not enough keypoints in query image,0.0000
../data/raw/worms/extracted/20250318/image_03259.npy,Not enough keypoints in query image,0.0000
../data/raw/worms/extracted/20250318/image_03260.npy,Not enough keypoints in query image,0.0000
../data/raw/worms/extracted/20250318/image_03261.npy,Not enough keypoints in query image,0.0000
../data/raw/worms/extracted/20250318/image_03262.npy,Not enough keypoints in query image,0.0000
../data/raw/worms/extracted/20250318/image_03263.npy,Not enough keypoints in query image,0.0000
../data/raw/worms/extracted/20250318/image_03264.npy,Not enough keypoints in query image,0.0000
../data/raw/worms/extracted/20250318/image_03265.npy,Not enough keypoints in query image,0.0000
../data/raw/worms/extracted/20250318/image_03266.npy,Not enough keypoints in query image,0.0000
../data/raw/worms/extracted/20250318/image_03267.npy,Not enough keypoints in query image,0.0000
../data/raw/worms/extracted/20250318/image_03268.npy,Not enough keypoints in query image,0.0000
../data/raw/worms/extracted/20250318/image_03269.npy,Not enough keypoints in query image,0.0000
../data/raw/worms/extracted/20250318/image_03270.npy,Not enough keypoints in query image,0.0000
../data/raw/worms/extracted/20250318/image_03271.npy,Not enough keypoints in query image,0.0000
../data/raw/worms/extracted/20250318/image_03272.npy,Not enough keypoints in query image,0.0000
../data/raw/worms/extracted/20250318/image_03273.npy,Not enough keypoints in query image,0.0000
../data/raw/worms/extracted/20250318/image_03274.npy,Not enough keypoints in query image,0.0000
../data/raw/worms/extracted/20250318/image_03275.npy,Not enough keypoints in query image,0.0000
../data/raw/worms/extracted/20250318/image_03276.npy,Not enough keypoints in query image,0.0000
../data/raw/worms/extracted/20250318/image_03277.npy,Not enough keypoints in query image,0.0000
../data/raw/worms/extracted/20250318/image_03278.npy,Not enough keypoints in query image,0.0000
../data/raw/worms/extracted/20250318/image_03279.npy,Not enough keypoints in query image,0.0000
../data/raw/worms/extracted/20250318/image_03280.npy,Not enough keypoints in query image,0.0000
../data/raw/worms/extracted/20250318/image_03281.npy,Not enough keypoints in query image,0.0000
../data/raw/worms/extracted/20250318/image_03282.npy,Not enough keypoints in query image,0.0000
../data/raw/worms/extracted/20250318/image_03283.npy,Not enough keypoints in query image,0.0000
../data/raw/worms/extracted/20250318/image_03284.npy,Not enough keypoints in query image,0.0000
../data/raw/worms/extracted/20250318/image_03285.npy,Not enough keypoints in query image,0.0000
../data/raw/worms/extracted/20250318/image_03286.npy,Not enough keypoints in query image,0.0000
../data/raw/worms/extracted/20250318/image_03287.npy,Not enough keypoints in query image,0.0000
../data/raw/worms/extracted/20250318/image_03288.npy,Not enough keypoints in query image,0.0000
../data/raw/worms/extracted/20250318/image_03289.npy,Not enough keypoints in query image,0.0000
../data/raw/worms/extracted/20250318/image_03290.npy,Not enough keypoints in query image,0.0000
../data/raw/worms/extracted/20250318/image_03291.npy,Not enough keypoints in query image,0.0000
../data/raw/worms/extracted/20250318/image_03292.npy,Not enough keypoints in query image,0.0000
../data/raw/worms/extracted/20250318/image_03293.npy,Not enough keypoints in query image,0.0000
../data/raw/worms/extracted/20250318/image_03294.npy,Not enough keypoints in query image,0.0000
../data/raw/worms/extracted/20250318/image_03295.npy,Not enough keypoints in query image,0.0000
../data/raw/worms/extracted/20250318/image_03296.npy,Not enough keypoints in query image,0.0000
../data/raw/worms/extracted/20250318/image_03297.npy,Not enough keypoints in query image,0.0000
../data/raw/worms/extracted/20250318/image_03298.npy,Not enough keypoints in query image,0.0000
../data/raw/worms/extracted/20250318/image_03299.npy,Not enough keypoints in query image,0.0000
../data/raw/worms/extracted/20250318/image_03300.npy,Not enough keypoints in query image,0.0000
../data/raw/worms/extracted/20250318/image_03301.npy,Not enough keypoints in query image,0.0000
../data/raw/worms/extracted/20250318/image_03302.npy,Not enough keypoints in query image,0.0000
../data/raw/worms/extracted/20250318/image_03303.npy,Not enough keypoints in query image,0.0000
../data/raw/worms/extracted/20250318/image_03304.npy,Not enough keypoints in query image,0.0000
../data/raw/worms/extracted/20250318/image_03305.npy,Not enough keypoints in query image,0.0000
../data/raw/worms/extracted/20250318/image_03306.npy,Not enough keypoints in query image,0.0000
../data/raw/worms/extracted/20250318/image_03307.npy,Not enough keypoints in query image,0.0000
../data/raw/worms/extracted/20250318/image_03308.npy,Not enough keypoints in query image,0.0000
../data/raw/worms/extracted/20250318/image_03309.npy,Not enough keypoints in query image,0.0000
../data/raw/worms/extracted/20250318/image_03310.npy,Not enough keypoints in query image,0.0000
../data/raw/worms/extracted/20250318/image_03311.npy,Not enough keypoints in query image,0.0000
../data/raw/worms/extracted/20250318/image_03312.npy,Not enough keypoints in query image,0.0000
../data/raw/worms/extracted/20250318/image_03313.npy,Not enough keypoints in query image,0.0000
../data/raw/worms/extracted/20250318/image_03314.npy,Not enough keypoints in query image,0.0000
../data/raw/worms/extracted/20250318/image_03315.npy,Not enough keypoints in query image,0.0000
../data/raw/worms/extracted/20250318/image_03316.npy,Not enough keypoints in query image,0.0000
../data/raw/worms/extracted/20250318/image_03317.npy,Not enough keypoints in query image,0.0000
../data/raw/worms/extracted/20250318/image_03318.npy,Not enough keypoints in query image,0.0000
../data/raw/worms/extracted/20250318/image_03319.npy,Not enough keypoints in query image,0.0000
../data/raw/worms/extracted/20250318/image_03320.npy,Not enough keypoints in query image,0.0000
../data/raw/worms/extracted/20250318/image_03321.npy,Not enough keypoints in query image,0.0000
../data/raw/worms/extracted/20250318/image_03322.npy,Not enough keypoints in query image,0.0000
../data/raw/worms/extracted/20250318/image_03323.npy,Not enough keypoints in query image,0.0000
../data/raw/worms/extracted/20250318/image_03324.npy,Not enough keypoints in query image,0.0000
../data/raw/worms/extracted/20250318/image_03325.npy,Not enough keypoints in query image,0.0000
../data/raw/worms/extracted/20250318/image_03326.npy,Not enough keypoints in query image,0.0000
../data/raw/worms/extracted/20250318/image_03327.npy,Not enough keypoints in query image,0.0000
../data/raw/worms/extracted/20250318/image_03328.npy,Not enough keypoints in query image,0.0000
../data/raw/worms/extracted/20250318/image_03329.npy,Not enough keypoints in query image,0.0000
../data/raw/worms/extracted/20250318/image_03330.npy,Not enough keypoints in query image,0.0000
../data/raw/worms/extracted/20250318/image_03331.npy,Not enough keypoints in query image,0.0000
../data/raw/worms/extracted/20250318/image_03332.npy,Not enough keypoints in query image,0.0000
../data/raw/worms/extracted/20250318/image_03333.npy,Not enough keypoints in query image,0.0000
../data/raw/worms/extracted/20250318/image_03334.npy,Not enough keypoints in query image,0.0000
../data/raw/worms/extracted/20250318/image_03335.npy,Not enough keypoints in query image,0.0000
../data/raw/worms/extracted/20250318/image_03336.npy,Not enough keypoints in query image,0.0000
../data/raw/worms/extracted/20250318/image_03337.npy,Not enough keypoints in query image,0.0000
../data/raw/worms/extracted/20250318/image_03338.npy,Not enough keypoints in query image,0.0000
../data/raw/worms/extracted/20250318/image_03339.npy,Not enough keypoints in query image,0.0000
../data/raw/worms/extracted/20250318/image_03340.npy,Not enough keypoints in query image,0.0000
../data/raw/worms/extracted/20250318/image_03341.npy,Not enough keypoints in query image,0.0000
../data/raw/worms/extracted/20250318/image_03342.npy,Not enough keypoints in query image,0.0000
../data/raw/worms/extracted/20250318/image_03343.npy,Not enough keypoints in query image,0.0000
../data/raw/worms/extracted/20250318/image_03344.npy,Not enough keypoints in query image,0.0000
../data/raw/worms/extracted/20250318/image_03345.npy,Not enough keypoints in query image,0.0000
../data/raw/worms/extracted/20250318/image_03346.npy,Not enough keypoints in query image,0.0000
../data/raw/worms/extracted/20250318/image_03347.npy,Not enough keypoints in query image,0.0000
../data/raw/worms/extracted/20250318/image_03348.npy,Not enough keypoints in query image,0.0000
../data/raw/worms/extracted/20250318/image_03349.npy,Not enough keypoints in query image,0.0000
../data/raw/worms/extracted/20250318/image_03350.npy,Not enough keypoints in query image,0.0000
../data/raw/worms/extracted/20250318/image_03351.npy,Not enough keypoints in query image,0.0000
../data/raw/worms/extracted/20250318/image_03352.npy,Not enough keypoints in query image,0.0000
../data/raw/worms/extracted/20250318/image_03353.npy,Not enough keypoints in query image,0.0000
../data/raw/worms/extracted/20250318/image_03354.npy,Not enough keypoints in query image,0.0000
../data/raw/worms/extracted/20250318/image_03355.npy,Not enough keypoints in query image,0.0000
../data/raw/worms/extracted/20250318/image_03356.npy,Not enough keypoints in query image,0.0000
../data/raw/worms/extracted/20250318/image_03357.npy,Not enough keypoints in query image,0.0000
../data/raw/worms/extracted/20250318/image_03358.npy,Not enough keypoints in query image,0.0000
../data/raw/worms/extracted/20250318/image_03359.npy,Not enough keypoints in query image,0.0000
../data/raw/worms/extracted/20250318/image_03360.npy,Not enough keypoints in query image,0.0000
../data/raw/worms/extracted/20250318/image_03361.npy,Not enough keypoints in query image,0.0000
../data/raw/worms/extracted/20250318/image_03362.npy,Not enough keypoints in query image,0.0000
../data/raw/worms/extracted/20250318/image_03363.npy,Not enough keypoints in query image,0.0000
../data/raw/worms/extracted/20250318/image_03364.npy,Not enough keypoints in query image,0.0000
../data/raw/worms/extracted/20250318/image_03365.npy,Not enough keypoints in query image,0.0000
../data/raw/worms/extracted/20250318/image_03366.npy,../data/interim/event_imgs/252550000.jpg,0.5185
../data/raw/worms/extracted/20250318/image_03367.npy,Not enough keypoints in query image,0.0000
../data/raw/worms/extracted/20250318/image_03368.npy,Not enough keypoints in query image,0.0000
../data/raw/worms/extracted/20250318/image_03369.npy,Not enough keypoints in query image,0.0000
../data/raw/worms/extracted/20250318/image_03370.npy,Not enough keypoints in query image,0.0000
../data/raw/worms/extracted/20250318/image_03371.npy,Not enough keypoints in query image,0.0000
../data/raw/worms/extracted/20250318/image_03372.npy,Not enough keypoints in query image,0.0000
../data/raw/worms/extracted/20250318/image_03373.npy,Not enough keypoints in query image,0.0000
../data/raw/worms/extracted/20250318/image_03374.npy,Not enough keypoints in query image,0.0000
../data/raw/worms/extracted/20250318/image_03375.npy,Not enough keypoints in query image,0.0000
../data/raw/worms/extracted/20250318/image_03376.npy,Not enough keypoints in query image,0.0000
../data/raw/worms/extracted/20250318/image_03377.npy,Not enough keypoints in query image,0.0000
../data/raw/worms/extracted/20250318/image_03378.npy,Not enough keypoints in query image,0.0000
../data/raw/worms/extracted/20250318/image_03379.npy,Not enough keypoints in query image,0.0000
../data/raw/worms/extracted/20250318/image_03380.npy,Not enough keypoints in query image,0.0000
../data/raw/worms/extracted/20250318/image_03381.npy,Not enough keypoints in query image,0.0000
../data/raw/worms/extracted/20250318/image_03382.npy,Not enough keypoints in query image,0.0000
../data/raw/worms/extracted/20250318/image_03383.npy,Not enough keypoints in query image,0.0000
../data/raw/worms/extracted/20250318/image_03384.npy,Not enough keypoints in query image,0.0000
../data/raw/worms/extracted/20250318/image_03385.npy,Not enough keypoints in query image,0.0000
../data/raw/worms/extracted/20250318/image_03386.npy,Not enough keypoints in query image,0.0000
../data/raw/worms/extracted/20250318/image_03387.npy,Not enough keypoints in query image,0.0000
../data/raw/worms/extracted/20250318/image_03388.npy,Not enough keypoints in query image,0.0000
../data/raw/worms/extracted/20250318/image_03389.npy,Not enough keypoints in query image,0.0000
../data/raw/worms/extracted/20250318/image_03390.npy,Not enough keypoints in query image,0.0000
../data/raw/worms/extracted/20250318/image_03391.npy,Not enough keypoints in query image,0.0000
../data/raw/worms/extracted/20250318/image_03392.npy,Not enough keypoints in query image,0.0000
../data/raw/worms/extracted/20250318/image_03393.npy,Not enough keypoints in query image,0.0000
../data/raw/worms/extracted/20250318/image_03394.npy,Not enough keypoints in query image,0.0000
../data/raw/worms/extracted/20250318/image_03395.npy,Not enough keypoints in query image,0.0000
../data/raw/worms/extracted/20250318/image_03396.npy,Not enough keypoints in query image,0.0000
../data/raw/worms/extracted/20250318/image_03397.npy,Not enough keypoints in query image,0.0000
../data/raw/worms/extracted/20250318/image_03398.npy,Not enough keypoints in query image,0.0000
../data/raw/worms/extracted/20250318/image_03399.npy,Not enough keypoints in query image,0.0000
../data/raw/worms/extracted/20250318/image_03400.npy,Not enough keypoints in query image,0.0000
../data/raw/worms/extracted/20250318/image_03401.npy,Not enough keypoints in query image,0.0000
../data/raw/worms/extracted/20250318/image_03402.npy,Not enough keypoints in query image,0.0000
../data/raw/worms/extracted/20250318/image_03403.npy,Not enough keypoints in query image,0.0000
../data/raw/worms/extracted/20250318/image_03404.npy,Not enough keypoints in query image,0.0000
../data/raw/worms/extracted/20250318/image_03405.npy,Not enough keypoints in query image,0.0000
../data/raw/worms/extracted/20250318/image_03406.npy,Not enough keypoints in query image,0.0000
../data/raw/worms/extracted/20250318/image_03407.npy,Not enough keypoints in query image,0.0000
../data/raw/worms/extracted/20250318/image_03408.npy,Not enough keypoints in query image,0.0000
../data/raw/worms/extracted/20250318/image_03409.npy,Not enough keypoints in query image,0.0000
../data/raw/worms/extracted/20250318/image_03410.npy,Not enough keypoints in query image,0.0000
../data/raw/worms/extracted/20250318/image_03411.npy,Not enough keypoints in query image,0.0000
../data/raw/worms/extracted/20250318/image_03412.npy,Not enough keypoints in query image,0.0000
../data/raw/worms/extracted/20250318/image_03413.npy,Not enough keypoints in query image,0.0000
../data/raw/worms/extracted/20250318/image_03414.npy,Not enough keypoints in query image,0.0000
../data/raw/worms/extracted/20250318/image_03415.npy,Not enough keypoints in query image,0.0000
../data/raw/worms/extracted/20250318/image_03416.npy,Not enough keypoints in query image,0.0000
../data/raw/worms/extracted/20250318/image_03417.npy,Not enough keypoints in query image,0.0000
../data/raw/worms/extracted/20250318/image_03418.npy,Not enough keypoints in query image,0.0000
../data/raw/worms/extracted/20250318/image_03419.npy,Not enough keypoints in query image,0.0000
../data/raw/worms/extracted/20250318/image_03420.npy,Not enough keypoints in query image,0.0000
../data/raw/worms/extracted/20250318/image_03421.npy,Not enough keypoints in query image,0.0000
../data/raw/worms/extracted/20250318/image_03422.npy,Not enough keypoints in query image,0.0000
../data/raw/worms/extracted/20250318/image_03423.npy,Not enough keypoints in query image,0.0000
../data/raw/worms/extracted/20250318/image_03424.npy,Not enough keypoints in query image,0.0000
../data/raw/worms/extracted/20250318/image_03425.npy,Not enough keypoints in query image,0.0000
../data/raw/worms/extracted/20250318/image_03426.npy,Not enough keypoints in query image,0.0000
../data/raw/worms/extracted/20250318/image_03427.npy,Not enough keypoints in query image,0.0000
../data/raw/worms/extracted/20250318/image_03428.npy,Not enough keypoints in query image,0.0000
../data/raw/worms/extracted/20250318/image_03429.npy,Not enough keypoints in query image,0.0000
../data/raw/worms/extracted/20250318/image_03430.npy,Not enough keypoints in query image,0.0000
../data/raw/worms/extracted/20250318/image_03431.npy,Not enough keypoints in query image,0.0000
../data/raw/worms/extracted/20250318/image_03432.npy,Not enough keypoints in query image,0.0000
../data/raw/worms/extracted/20250318/image_03433.npy,Not enough keypoints in query image,0.0000
../data/raw/worms/extracted/20250318/image_03434.npy,Not enough keypoints in query image,0.0000
../data/raw/worms/extracted/20250318/image_03435.npy,Not enough keypoints in query image,0.0000
../data/raw/worms/extracted/20250318/image_03436.npy,Not enough keypoints in query image,0.0000
../data/raw/worms/extracted/20250318/image_03437.npy,Not enough keypoints in query image,0.0000
../data/raw/worms/extracted/20250318/image_03438.npy,Not enough keypoints in query image,0.0000
../data/raw/worms/extracted/20250318/image_03439.npy,Not enough keypoints in query image,0.0000
../data/raw/worms/extracted/20250318/image_03440.npy,Not enough keypoints in query image,0.0000
../data/raw/worms/extracted/20250318/image_03441.npy,Not enough keypoints in query image,0.0000
../data/raw/worms/extracted/20250318/image_03442.npy,Not enough keypoints in query image,0.0000
../data/raw/worms/extracted/20250318/image_03443.npy,Not enough keypoints in query image,0.0000
../data/raw/worms/extracted/20250318/image_03444.npy,Not enough keypoints in query image,0.0000
../data/raw/worms/extracted/20250318/image_03445.npy,Not enough keypoints in query image,0.0000
../data/raw/worms/extracted/20250318/image_03446.npy,Not enough keypoints in query image,0.0000
../data/raw/worms/extracted/20250318/image_03447.npy,Not enough keypoints in query image,0.0000
../data/raw/worms/extracted/20250318/image_03448.npy,Not enough keypoints in query image,0.0000
../data/raw/worms/extracted/20250318/image_03449.npy,Not enough keypoints in query image,0.0000
../data/raw/worms/extracted/20250318/image_03450.npy,Not enough keypoints in query image,0.0000
../data/raw/worms/extracted/20250318/image_03451.npy,Not enough keypoints in query image,0.0000
../data/raw/worms/extracted/20250318/image_03452.npy,Not enough keypoints in query image,0.0000
../data/raw/worms/extracted/20250318/image_03453.npy,Not enough keypoints in query image,0.0000
../data/raw/worms/extracted/20250318/image_03454.npy,Not enough keypoints in query image,0.0000
../data/raw/worms/extracted/20250318/image_03455.npy,Not enough keypoints in query image,0.0000
../data/raw/worms/extracted/20250318/image_03456.npy,Not enough keypoints in query image,0.0000
../data/raw/worms/extracted/20250318/image_03457.npy,Not enough keypoints in query image,0.0000
../data/raw/worms/extracted/20250318/image_03458.npy,Not enough keypoints in query image,0.0000
../data/raw/worms/extracted/20250318/image_03459.npy,Not enough keypoints in query image,0.0000
../data/raw/worms/extracted/20250318/image_03460.npy,Not enough keypoints in query image,0.0000
../data/raw/worms/extracted/20250318/image_03461.npy,Not enough keypoints in query image,0.0000
../data/raw/worms/extracted/20250318/image_03462.npy,Not enough keypoints in query image,0.0000
../data/raw/worms/extracted/20250318/image_03463.npy,Not enough keypoints in query image,0.0000
../data/raw/worms/extracted/20250318/image_03464.npy,Not enough keypoints in query image,0.0000
../data/raw/worms/extracted/20250318/image_03465.npy,Not enough keypoints in query image,0.0000
../data/raw/worms/extracted/20250318/image_03466.npy,Not enough keypoints in query image,0.0000
../data/raw/worms/extracted/20250318/image_03467.npy,Not enough keypoints in query image,0.0000
../data/raw/worms/extracted/20250318/image_03468.npy,Not enough keypoints in query image,0.0000
../data/raw/worms/extracted/20250318/image_03469.npy,Not enough keypoints in query image,0.0000
../data/raw/worms/extracted/20250318/image_03470.npy,Not enough keypoints in query image,0.0000
../data/raw/worms/extracted/20250318/image_03471.npy,Not enough keypoints in query image,0.0000
../data/raw/worms/extracted/20250318/image_03472.npy,Not enough keypoints in query image,0.0000
../data/raw/worms/extracted/20250318/image_03473.npy,Not enough keypoints in query image,0.0000
../data/raw/worms/extracted/20250318/image_03474.npy,Not enough keypoints in query image,0.0000
../data/raw/worms/extracted/20250318/image_03475.npy,Not enough keypoints in query image,0.0000
../data/raw/worms/extracted/20250318/image_03476.npy,Not enough keypoints in query image,0.0000
../data/raw/worms/extracted/20250318/image_03477.npy,Not enough keypoints in query image,0.0000
../data/raw/worms/extracted/20250318/image_03478.npy,Not enough keypoints in query image,0.0000
../data/raw/worms/extracted/20250318/image_03479.npy,Not enough keypoints in query image,0.0000
../data/raw/worms/extracted/20250318/image_03480.npy,Not enough keypoints in query image,0.0000
../data/raw/worms/extracted/20250318/image_03481.npy,Not enough keypoints in query image,0.0000
../data/raw/worms/extracted/20250318/image_03482.npy,Not enough keypoints in query image,0.0000
../data/raw/worms/extracted/20250318/image_03483.npy,Not enough keypoints in query image,0.0000
../data/raw/worms/extracted/20250318/image_03484.npy,Not enough keypoints in query image,0.0000
../data/raw/worms/extracted/20250318/image_03485.npy,Not enough keypoints in query image,0.0000
../data/raw/worms/extracted/20250318/image_03486.npy,Not enough keypoints in query image,0.0000
../data/raw/worms/extracted/20250318/image_03487.npy,Not enough keypoints in query image,0.0000
../data/raw/worms/extracted/20250318/image_03488.npy,Not enough keypoints in query image,0.0000
../data/raw/worms/extracted/20250318/image_03489.npy,Not enough keypoints in query image,0.0000
../data/raw/worms/extracted/20250318/image_03490.npy,Not enough keypoints in query image,0.0000
../data/raw/worms/extracted/20250318/image_03491.npy,Not enough keypoints in query image,0.0000
../data/raw/worms/extracted/20250318/image_03492.npy,Not enough keypoints in query image,0.0000
../data/raw/worms/extracted/20250318/image_03493.npy,Not enough keypoints in query image,0.0000
../data/raw/worms/extracted/20250318/image_03494.npy,Not enough keypoints in query image,0.0000
../data/raw/worms/extracted/20250318/image_03495.npy,Not enough keypoints in query image,0.0000
../data/raw/worms/extracted/20250318/image_03496.npy,Not enough keypoints in query image,0.0000
../data/raw/worms/extracted/20250318/image_03497.npy,Not enough keypoints in query image,0.0000
../data/raw/worms/extracted/20250318/image_03498.npy,Not enough keypoints in query image,0.0000
../data/raw/worms/extracted/20250318/image_03499.npy,Not enough keypoints in query image,0.0000
../data/raw/worms/extracted/20250318/image_03500.npy,Not enough keypoints in query image,0.0000
../data/raw/worms/extracted/20250318/image_03501.npy,Not enough keypoints in query image,0.0000
../data/raw/worms/extracted/20250318/image_03502.npy,Not enough keypoints in query image,0.0000
../data/raw/worms/extracted/20250318/image_03503.npy,Not enough keypoints in query image,0.0000
../data/raw/worms/extracted/20250318/image_03504.npy,Not enough keypoints in query image,0.0000
../data/raw/worms/extracted/20250318/image_03505.npy,Not enough keypoints in query image,0.0000
../data/raw/worms/extracted/20250318/image_03506.npy,Not enough keypoints in query image,0.0000
../data/raw/worms/extracted/20250318/image_03507.npy,Not enough keypoints in query image,0.0000
../data/raw/worms/extracted/20250318/image_03508.npy,Not enough keypoints in query image,0.0000
../data/raw/worms/extracted/20250318/image_03509.npy,Not enough keypoints in query image,0.0000
../data/raw/worms/extracted/20250318/image_03510.npy,Not enough keypoints in query image,0.0000
../data/raw/worms/extracted/20250318/image_03511.npy,Not enough keypoints in query image,0.0000
../data/raw/worms/extracted/20250318/image_03512.npy,Not enough keypoints in query image,0.0000
../data/raw/worms/extracted/20250318/image_03513.npy,Not enough keypoints in query image,0.0000
../data/raw/worms/extracted/20250318/image_03514.npy,Not enough keypoints in query image,0.0000
../data/raw/worms/extracted/20250318/image_03515.npy,Not enough keypoints in query image,0.0000
../data/raw/worms/extracted/20250318/image_03516.npy,Not enough keypoints in query image,0.0000
../data/raw/worms/extracted/20250318/image_03517.npy,Not enough keypoints in query image,0.0000
../data/raw/worms/extracted/20250318/image_03518.npy,Not enough keypoints in query image,0.0000
../data/raw/worms/extracted/20250318/image_03519.npy,Not enough keypoints in query image,0.0000
../data/raw/worms/extracted/20250318/image_03520.npy,Not enough keypoints in query image,0.0000
../data/raw/worms/extracted/20250318/image_03521.npy,Not enough keypoints in query image,0.0000
../data/raw/worms/extracted/20250318/image_03522.npy,Not enough keypoints in query image,0.0000
../data/raw/worms/extracted/20250318/image_03523.npy,Not enough keypoints in query image,0.0000
../data/raw/worms/extracted/20250318/image_03524.npy,Not enough keypoints in query image,0.0000
../data/raw/worms/extracted/20250318/image_03525.npy,Not enough keypoints in query image,0.0000
../data/raw/worms/extracted/20250318/image_03526.npy,Not enough keypoints in query image,0.0000
../data/raw/worms/extracted/20250318/image_03527.npy,Not enough keypoints in query image,0.0000
../data/raw/worms/extracted/20250318/image_03528.npy,Not enough keypoints in query image,0.0000
../data/raw/worms/extracted/20250318/image_03529.npy,Not enough keypoints in query image,0.0000
../data/raw/worms/extracted/20250318/image_03530.npy,Not enough keypoints in query image,0.0000
../data/raw/worms/extracted/20250318/image_03531.npy,Not enough keypoints in query image,0.0000
../data/raw/worms/extracted/20250318/image_03532.npy,Not enough keypoints in query image,0.0000
../data/raw/worms/extracted/20250318/image_03533.npy,Not enough keypoints in query image,0.0000
../data/raw/worms/extracted/20250318/image_03534.npy,Not enough keypoints in query image,0.0000
../data/raw/worms/extracted/20250318/image_03535.npy,Not enough keypoints in query image,0.0000
../data/raw/worms/extracted/20250318/image_03536.npy,Not enough keypoints in query image,0.0000
../data/raw/worms/extracted/20250318/image_03537.npy,Not enough keypoints in query image,0.0000
../data/raw/worms/extracted/20250318/image_03538.npy,Not enough keypoints in query image,0.0000
../data/raw/worms/extracted/20250318/image_03539.npy,Not enough keypoints in query image,0.0000
../data/raw/worms/extracted/20250318/image_03540.npy,Not enough keypoints in query image,0.0000
../data/raw/worms/extracted/20250318/image_03541.npy,Not enough keypoints in query image,0.0000
../data/raw/worms/extracted/20250318/image_03542.npy,Not enough keypoints in query image,0.0000
../data/raw/worms/extracted/20250318/image_03543.npy,Not enough keypoints in query image,0.0000
../data/raw/worms/extracted/20250318/image_03544.npy,Not enough keypoints in query image,0.0000
../data/raw/worms/extracted/20250318/image_03545.npy,Not enough keypoints in query image,0.0000
../data/raw/worms/extracted/20250318/image_03546.npy,Not enough keypoints in query image,0.0000
../data/raw/worms/extracted/20250318/image_03547.npy,Not enough keypoints in query image,0.0000
../data/raw/worms/extracted/20250318/image_03548.npy,Not enough keypoints in query image,0.0000
../data/raw/worms/extracted/20250318/image_03549.npy,Not enough keypoints in query image,0.0000
../data/raw/worms/extracted/20250318/image_03550.npy,Not enough keypoints in query image,0.0000
../data/raw/worms/extracted/20250318/image_03551.npy,Not enough keypoints in query image,0.0000
../data/raw/worms/extracted/20250318/image_03552.npy,Not enough keypoints in query image,0.0000
../data/raw/worms/extracted/20250318/image_03553.npy,Not enough keypoints in query image,0.0000
../data/raw/worms/extracted/20250318/image_03554.npy,Not enough keypoints in query image,0.0000
../data/raw/worms/extracted/20250318/image_03555.npy,Not enough keypoints in query image,0.0000
../data/raw/worms/extracted/20250318/image_03556.npy,Not enough keypoints in query image,0.0000
../data/raw/worms/extracted/20250318/image_03557.npy,Not enough keypoints in query image,0.0000
../data/raw/worms/extracted/20250318/image_03558.npy,Not enough keypoints in query image,0.0000
../data/raw/worms/extracted/20250318/image_03559.npy,Not enough keypoints in query image,0.0000
../data/raw/worms/extracted/20250318/image_03560.npy,Not enough keypoints in query image,0.0000
../data/raw/worms/extracted/20250318/image_03561.npy,Not enough keypoints in query image,0.0000
../data/raw/worms/extracted/20250318/image_03562.npy,Not enough keypoints in query image,0.0000
../data/raw/worms/extracted/20250318/image_03563.npy,Not enough keypoints in query image,0.0000
../data/raw/worms/extracted/20250318/image_03564.npy,Not enough keypoints in query image,0.0000
../data/raw/worms/extracted/20250318/image_03565.npy,Not enough keypoints in query image,0.0000
../data/raw/worms/extracted/20250318/image_03566.npy,Not enough keypoints in query image,0.0000
../data/raw/worms/extracted/20250318/image_03567.npy,Not enough keypoints in query image,0.0000
../data/raw/worms/extracted/20250318/image_03568.npy,Not enough keypoints in query image,0.0000
../data/raw/worms/extracted/20250318/image_03569.npy,Not enough keypoints in query image,0.0000
../data/raw/worms/extracted/20250318/image_03570.npy,Not enough keypoints in query image,0.0000
../data/raw/worms/extracted/20250318/image_03571.npy,Not enough keypoints in query image,0.0000
../data/raw/worms/extracted/20250318/image_03572.npy,Not enough keypoints in query image,0.0000
../data/raw/worms/extracted/20250318/image_03573.npy,Not enough keypoints in query image,0.0000
../data/raw/worms/extracted/20250318/image_03574.npy,Not enough keypoints in query image,0.0000
../data/raw/worms/extracted/20250318/image_03575.npy,Not enough keypoints in query image,0.0000
../data/raw/worms/extracted/20250318/image_03576.npy,Not enough keypoints in query image,0.0000
../data/raw/worms/extracted/20250318/image_03577.npy,Not enough keypoints in query image,0.0000
../data/raw/worms/extracted/20250318/image_03578.npy,Not enough keypoints in query image,0.0000
../data/raw/worms/extracted/20250318/image_03579.npy,Not enough keypoints in query image,0.0000
../data/raw/worms/extracted/20250318/image_03580.npy,Not enough keypoints in query image,0.0000
../data/raw/worms/extracted/20250318/image_03581.npy,Not enough keypoints in query image,0.0000
../data/raw/worms/extracted/20250318/image_03582.npy,Not enough keypoints in query image,0.0000
../data/raw/worms/extracted/20250318/image_03583.npy,Not enough keypoints in query image,0.0000
../data/raw/worms/extracted/20250318/image_03584.npy,Not enough keypoints in query image,0.0000
../data/raw/worms/extracted/20250318/image_03585.npy,Not enough keypoints in query image,0.0000
../data/raw/worms/extracted/20250318/image_03586.npy,Not enough keypoints in query image,0.0000
../data/raw/worms/extracted/20250318/image_03587.npy,Not enough keypoints in query image,0.0000
../data/raw/worms/extracted/20250318/image_03588.npy,Not enough keypoints in query image,0.0000
../data/raw/worms/extracted/20250318/image_03589.npy,Not enough keypoints in query image,0.0000
../data/raw/worms/extracted/20250318/image_03590.npy,Not enough keypoints in query image,0.0000
../data/raw/worms/extracted/20250318/image_03591.npy,Not enough keypoints in query image,0.0000
../data/raw/worms/extracted/20250318/image_03592.npy,Not enough keypoints in query image,0.0000
../data/raw/worms/extracted/20250318/image_03593.npy,Not enough keypoints in query image,0.0000
../data/raw/worms/extracted/20250318/image_03594.npy,Not enough keypoints in query image,0.0000
../data/raw/worms/extracted/20250318/image_03595.npy,Not enough keypoints in query image,0.0000
../data/raw/worms/extracted/20250318/image_03596.npy,Not enough keypoints in query image,0.0000
../data/raw/worms/extracted/20250318/image_03597.npy,Not enough keypoints in query image,0.0000
../data/raw/worms/extracted/20250318/image_03598.npy,Not enough keypoints in query image,0.0000
../data/raw/worms/extracted/20250318/image_03599.npy,Not enough keypoints in query image,0.0000
../data/raw/worms/extracted/20250318/image_03600.npy,Not enough keypoints in query image,0.0000
../data/raw/worms/extracted/20250318/image_03601.npy,Not enough keypoints in query image,0.0000
../data/raw/worms/extracted/20250318/image_03602.npy,Not enough keypoints in query image,0.0000
../data/raw/worms/extracted/20250318/image_03603.npy,Not enough keypoints in query image,0.0000
../data/raw/worms/extracted/20250318/image_03604.npy,Not enough keypoints in query image,0.0000
../data/raw/worms/extracted/20250318/image_03605.npy,Not enough keypoints in query image,0.0000
../data/raw/worms/extracted/20250318/image_03606.npy,Not enough keypoints in query image,0.0000
../data/raw/worms/extracted/20250318/image_03607.npy,Not enough keypoints in query image,0.0000
../data/raw/worms/extracted/20250318/image_03608.npy,Not enough keypoints in query image,0.0000
../data/raw/worms/extracted/20250318/image_03609.npy,Not enough keypoints in query image,0.0000
../data/raw/worms/extracted/20250318/image_03610.npy,Not enough keypoints in query image,0.0000
../data/raw/worms/extracted/20250318/image_03611.npy,Not enough keypoints in query image,0.0000
../data/raw/worms/extracted/20250318/image_03612.npy,Not enough keypoints in query image,0.0000
../data/raw/worms/extracted/20250318/image_03613.npy,Not enough keypoints in query image,0.0000
../data/raw/worms/extracted/20250318/image_03614.npy,Not enough keypoints in query image,0.0000
../data/raw/worms/extracted/20250318/image_03615.npy,Not enough keypoints in query image,0.0000
../data/raw/worms/extracted/20250318/image_03616.npy,Not enough keypoints in query image,0.0000
../data/raw/worms/extracted/20250318/image_03617.npy,Not enough keypoints in query image,0.0000
../data/raw/worms/extracted/20250318/image_03618.npy,Not enough keypoints in query image,0.0000
../data/raw/worms/extracted/20250318/image_03619.npy,Not enough keypoints in query image,0.0000
../data/raw/worms/extracted/20250318/image_03620.npy,Not enough keypoints in query image,0.0000
../data/raw/worms/extracted/20250318/image_03621.npy,Not enough keypoints in query image,0.0000
../data/raw/worms/extracted/20250318/image_03622.npy,Not enough keypoints in query image,0.0000
../data/raw/worms/extracted/20250318/image_03623.npy,Not enough keypoints in query image,0.0000
../data/raw/worms/extracted/20250318/image_03624.npy,Not enough keypoints in query image,0.0000
../data/raw/worms/extracted/20250318/image_03625.npy,Not enough keypoints in query image,0.0000
../data/raw/worms/extracted/20250318/image_03626.npy,Not enough keypoints in query image,0.0000
../data/raw/worms/extracted/20250318/image_03627.npy,Not enough keypoints in query image,0.0000
../data/raw/worms/extracted/20250318/image_03628.npy,Not enough keypoints in query image,0.0000
../data/raw/worms/extracted/20250318/image_03629.npy,Not enough keypoints in query image,0.0000
../data/raw/worms/extracted/20250318/image_03630.npy,Not enough keypoints in query image,0.0000
../data/raw/worms/extracted/20250318/image_03631.npy,Not enough keypoints in query image,0.0000
../data/raw/worms/extracted/20250318/image_03632.npy,Not enough keypoints in query image,0.0000
../data/raw/worms/extracted/20250318/image_03633.npy,Not enough keypoints in query image,0.0000
../data/raw/worms/extracted/20250318/image_03634.npy,Not enough keypoints in query image,0.0000
../data/raw/worms/extracted/20250318/image_03635.npy,Not enough keypoints in query image,0.0000
../data/raw/worms/extracted/20250318/image_03636.npy,Not enough keypoints in query image,0.0000
../data/raw/worms/extracted/20250318/image_03637.npy,Not enough keypoints in query image,0.0000
../data/raw/worms/extracted/20250318/image_03638.npy,Not enough keypoints in query image,0.0000
../data/raw/worms/extracted/20250318/image_03639.npy,Not enough keypoints in query image,0.0000
../data/raw/worms/extracted/20250318/image_03640.npy,Not enough keypoints in query image,0.0000
../data/raw/worms/extracted/20250318/image_03641.npy,Not enough keypoints in query image,0.0000
../data/raw/worms/extracted/20250318/image_03642.npy,Not enough keypoints in query image,0.0000
../data/raw/worms/extracted/20250318/image_03643.npy,Not enough keypoints in query image,0.0000
../data/raw/worms/extracted/20250318/image_03644.npy,Not enough keypoints in query image,0.0000
../data/raw/worms/extracted/20250318/image_03645.npy,Not enough keypoints in query image,0.0000
../data/raw/worms/extracted/20250318/image_03646.npy,Not enough keypoints in query image,0.0000
../data/raw/worms/extracted/20250318/image_03647.npy,Not enough keypoints in query image,0.0000
../data/raw/worms/extracted/20250318/image_03648.npy,Not enough keypoints in query image,0.0000
../data/raw/worms/extracted/20250318/image_03649.npy,Not enough keypoints in query image,0.0000
../data/raw/worms/extracted/20250318/image_03650.npy,Not enough keypoints in query image,0.0000
../data/raw/worms/extracted/20250318/image_03651.npy,Not enough keypoints in query image,0.0000
../data/raw/worms/extracted/20250318/image_03652.npy,Not enough keypoints in query image,0.0000
../data/raw/worms/extracted/20250318/image_03653.npy,Not enough keypoints in query image,0.0000
../data/raw/worms/extracted/20250318/image_03654.npy,Not enough keypoints in query image,0.0000
../data/raw/worms/extracted/20250318/image_03655.npy,Not enough keypoints in query image,0.0000
../data/raw/worms/extracted/20250318/image_03656.npy,Not enough keypoints in query image,0.0000
../data/raw/worms/extracted/20250318/image_03657.npy,Not enough keypoints in query image,0.0000
../data/raw/worms/extracted/20250318/image_03658.npy,Not enough keypoints in query image,0.0000
../data/raw/worms/extracted/20250318/image_03659.npy,Not enough keypoints in query image,0.0000
../data/raw/worms/extracted/20250318/image_03660.npy,Not enough keypoints in query image,0.0000
../data/raw/worms/extracted/20250318/image_03661.npy,Not enough keypoints in query image,0.0000
../data/raw/worms/extracted/20250318/image_03662.npy,Not enough keypoints in query image,0.0000
../data/raw/worms/extracted/20250318/image_03663.npy,Not enough keypoints in query image,0.0000
../data/raw/worms/extracted/20250318/image_03664.npy,Not enough keypoints in query image,0.0000
../data/raw/worms/extracted/20250318/image_03665.npy,Not enough keypoints in query image,0.0000
../data/raw/worms/extracted/20250318/image_03666.npy,Not enough keypoints in query image,0.0000
../data/raw/worms/extracted/20250318/image_03667.npy,Not enough keypoints in query image,0.0000
../data/raw/worms/extracted/20250318/image_03668.npy,Not enough keypoints in query image,0.0000
../data/raw/worms/extracted/20250318/image_03669.npy,Not enough keypoints in query image,0.0000
../data/raw/worms/extracted/20250318/image_03670.npy,Not enough keypoints in query image,0.0000
../data/raw/worms/extracted/20250318/image_03671.npy,Not enough keypoints in query image,0.0000
../data/raw/worms/extracted/20250318/image_03672.npy,Not enough keypoints in query image,0.0000
../data/raw/worms/extracted/20250318/image_03673.npy,Not enough keypoints in query image,0.0000
../data/raw/worms/extracted/20250318/image_03674.npy,Not enough keypoints in query image,0.0000
../data/raw/worms/extracted/20250318/image_03675.npy,Not enough keypoints in query image,0.0000
../data/raw/worms/extracted/20250318/image_03676.npy,Not enough keypoints in query image,0.0000
../data/raw/worms/extracted/20250318/image_03677.npy,Not enough keypoints in query image,0.0000
../data/raw/worms/extracted/20250318/image_03678.npy,Not enough keypoints in query image,0.0000
../data/raw/worms/extracted/20250318/image_03679.npy,Not enough keypoints in query image,0.0000
../data/raw/worms/extracted/20250318/image_03680.npy,Not enough keypoints in query image,0.0000
../data/raw/worms/extracted/20250318/image_03681.npy,Not enough keypoints in query image,0.0000
../data/raw/worms/extracted/20250318/image_03682.npy,Not enough keypoints in query image,0.0000
../data/raw/worms/extracted/20250318/image_03683.npy,Not enough keypoints in query image,0.0000
../data/raw/worms/extracted/20250318/image_03684.npy,Not enough keypoints in query image,0.0000
../data/raw/worms/extracted/20250318/image_03685.npy,Not enough keypoints in query image,0.0000
../data/raw/worms/extracted/20250318/image_03686.npy,Not enough keypoints in query image,0.0000
../data/raw/worms/extracted/20250318/image_03687.npy,Not enough keypoints in query image,0.0000
../data/raw/worms/extracted/20250318/image_03688.npy,Not enough keypoints in query image,0.0000
../data/raw/worms/extracted/20250318/image_03689.npy,Not enough keypoints in query image,0.0000
../data/raw/worms/extracted/20250318/image_03690.npy,Not enough keypoints in query image,0.0000
../data/raw/worms/extracted/20250318/image_03691.npy,Not enough keypoints in query image,0.0000
../data/raw/worms/extracted/20250318/image_03692.npy,Not enough keypoints in query image,0.0000
../data/raw/worms/extracted/20250318/image_03693.npy,Not enough keypoints in query image,0.0000
../data/raw/worms/extracted/20250318/image_03694.npy,Not enough keypoints in query image,0.0000
../data/raw/worms/extracted/20250318/image_03695.npy,Not enough keypoints in query image,0.0000
../data/raw/worms/extracted/20250318/image_03696.npy,Not enough keypoints in query image,0.0000
../data/raw/worms/extracted/20250318/image_03697.npy,Not enough keypoints in query image,0.0000
../data/raw/worms/extracted/20250318/image_03698.npy,Not enough keypoints in query image,0.0000
../data/raw/worms/extracted/20250318/image_03699.npy,Not enough keypoints in query image,0.0000
../data/raw/worms/extracted/20250318/image_03700.npy,Not enough keypoints in query image,0.0000
../data/raw/worms/extracted/20250318/image_03701.npy,Not enough keypoints in query image,0.0000
../data/raw/worms/extracted/20250318/image_03702.npy,Not enough keypoints in query image,0.0000
../data/raw/worms/extracted/20250318/image_03703.npy,Not enough keypoints in query image,0.0000
../data/raw/worms/extracted/20250318/image_03704.npy,Not enough keypoints in query image,0.0000
../data/raw/worms/extracted/20250318/image_03705.npy,Not enough keypoints in query image,0.0000
../data/raw/worms/extracted/20250318/image_03706.npy,Not enough keypoints in query image,0.0000
../data/raw/worms/extracted/20250318/image_03707.npy,Not enough keypoints in query image,0.0000
../data/raw/worms/extracted/20250318/image_03708.npy,Not enough keypoints in query image,0.0000
../data/raw/worms/extracted/20250318/image_03709.npy,Not enough keypoints in query image,0.0000
../data/raw/worms/extracted/20250318/image_03710.npy,Not enough keypoints in query image,0.0000
../data/raw/worms/extracted/20250318/image_03711.npy,Not enough keypoints in query image,0.0000
../data/raw/worms/extracted/20250318/image_03712.npy,Not enough keypoints in query image,0.0000
../data/raw/worms/extracted/20250318/image_03713.npy,Not enough keypoints in query image,0.0000
../data/raw/worms/extracted/20250318/image_03714.npy,Not enough keypoints in query image,0.0000
../data/raw/worms/extracted/20250318/image_03715.npy,Not enough keypoints in query image,0.0000
../data/raw/worms/extracted/20250318/image_03716.npy,Not enough keypoints in query image,0.0000
../data/raw/worms/extracted/20250318/image_03717.npy,Not enough keypoints in query image,0.0000
../data/raw/worms/extracted/20250318/image_03718.npy,Not enough keypoints in query image,0.0000
../data/raw/worms/extracted/20250318/image_03719.npy,Not enough keypoints in query image,0.0000
../data/raw/worms/extracted/20250318/image_03720.npy,Not enough keypoints in query image,0.0000
../data/raw/worms/extracted/20250318/image_03721.npy,Not enough keypoints in query image,0.0000
../data/raw/worms/extracted/20250318/image_03722.npy,Not enough keypoints in query image,0.0000
../data/raw/worms/extracted/20250318/image_03723.npy,Not enough keypoints in query image,0.0000
../data/raw/worms/extracted/20250318/image_03724.npy,Not enough keypoints in query image,0.0000
../data/raw/worms/extracted/20250318/image_03725.npy,Not enough keypoints in query image,0.0000
../data/raw/worms/extracted/20250318/image_03726.npy,Not enough keypoints in query image,0.0000
../data/raw/worms/extracted/20250318/image_03727.npy,Not enough keypoints in query image,0.0000
../data/raw/worms/extracted/20250318/image_03728.npy,Not enough keypoints in query image,0.0000
../data/raw/worms/extracted/20250318/image_03729.npy,Not enough keypoints in query image,0.0000
../data/raw/worms/extracted/20250318/image_03730.npy,Not enough keypoints in query image,0.0000
../data/raw/worms/extracted/20250318/image_03731.npy,Not enough keypoints in query image,0.0000
../data/raw/worms/extracted/20250318/image_03732.npy,Not enough keypoints in query image,0.0000
../data/raw/worms/extracted/20250318/image_03733.npy,Not enough keypoints in query image,0.0000
../data/raw/worms/extracted/20250318/image_03734.npy,Not enough keypoints in query image,0.0000
../data/raw/worms/extracted/20250318/image_03735.npy,Not enough keypoints in query image,0.0000
../data/raw/worms/extracted/20250318/image_03736.npy,Not enough keypoints in query image,0.0000
../data/raw/worms/extracted/20250318/image_03737.npy,Not enough keypoints in query image,0.0000
../data/raw/worms/extracted/20250318/image_03738.npy,Not enough keypoints in query image,0.0000
../data/raw/worms/extracted/20250318/image_03739.npy,Not enough keypoints in query image,0.0000
../data/raw/worms/extracted/20250318/image_03740.npy,Not enough keypoints in query image,0.0000
../data/raw/worms/extracted/20250318/image_03741.npy,Not enough keypoints in query image,0.0000
../data/raw/worms/extracted/20250318/image_03742.npy,Not enough keypoints in query image,0.0000
../data/raw/worms/extracted/20250318/image_03743.npy,Not enough keypoints in query image,0.0000
../data/raw/worms/extracted/20250318/image_03744.npy,../data/interim/event_imgs/130600000.jpg,0.6333
../data/raw/worms/extracted/20250318/image_03745.npy,../data/interim/event_imgs/101500000.jpg,0.8000
../data/raw/worms/extracted/20250318/image_03746.npy,Not enough keypoints in query image,0.0000
../data/raw/worms/extracted/20250318/image_03747.npy,Not enough keypoints in query image,0.0000
../data/raw/worms/extracted/20250318/image_03748.npy,Not enough keypoints in query image,0.0000
../data/raw/worms/extracted/20250318/image_03749.npy,Not enough keypoints in query image,0.0000
../data/raw/worms/extracted/20250318/image_03750.npy,Not enough keypoints in query image,0.0000
../data/raw/worms/extracted/20250318/image_03751.npy,Not enough keypoints in query image,0.0000
../data/raw/worms/extracted/20250318/image_03752.npy,Not enough keypoints in query image,0.0000
../data/raw/worms/extracted/20250318/image_03753.npy,Not enough keypoints in query image,0.0000
../data/raw/worms/extracted/20250318/image_03754.npy,Not enough keypoints in query image,0.0000
../data/raw/worms/extracted/20250318/image_03755.npy,Not enough keypoints in query image,0.0000
../data/raw/worms/extracted/20250318/image_03756.npy,Not enough keypoints in query image,0.0000
../data/raw/worms/extracted/20250318/image_03757.npy,Not enough keypoints in query image,0.0000
../data/raw/worms/extracted/20250318/image_03758.npy,Not enough keypoints in query image,0.0000
../data/raw/worms/extracted/20250318/image_03759.npy,Not enough keypoints in query image,0.0000
../data/raw/worms/extracted/20250318/image_03760.npy,Not enough keypoints in query image,0.0000
../data/raw/worms/extracted/20250318/image_03761.npy,Not enough keypoints in query image,0.0000
../data/raw/worms/extracted/20250318/image_03762.npy,Not enough keypoints in query image,0.0000
../data/raw/worms/extracted/20250318/image_03763.npy,Not enough keypoints in query image,0.0000
../data/raw/worms/extracted/20250318/image_03764.npy,Not enough keypoints in query image,0.0000
../data/raw/worms/extracted/20250318/image_03765.npy,Not enough keypoints in query image,0.0000
../data/raw/worms/extracted/20250318/image_03766.npy,Not enough keypoints in query image,0.0000
../data/raw/worms/extracted/20250318/image_03767.npy,Not enough keypoints in query image,0.0000
../data/raw/worms/extracted/20250318/image_03768.npy,Not enough keypoints in query image,0.0000
../data/raw/worms/extracted/20250318/image_03769.npy,Not enough keypoints in query image,0.0000
../data/raw/worms/extracted/20250318/image_03770.npy,Not enough keypoints in query image,0.0000
../data/raw/worms/extracted/20250318/image_03771.npy,Not enough keypoints in query image,0.0000
../data/raw/worms/extracted/20250318/image_03772.npy,Not enough keypoints in query image,0.0000
../data/raw/worms/extracted/20250318/image_03773.npy,Not enough keypoints in query image,0.0000
../data/raw/worms/extracted/20250318/image_03774.npy,Not enough keypoints in query image,0.0000
../data/raw/worms/extracted/20250318/image_03775.npy,Not enough keypoints in query image,0.0000
../data/raw/worms/extracted/20250318/image_03776.npy,Not enough keypoints in query image,0.0000
../data/raw/worms/extracted/20250318/image_03777.npy,Not enough keypoints in query image,0.0000
../data/raw/worms/extracted/20250318/image_03778.npy,Not enough keypoints in query image,0.0000
../data/raw/worms/extracted/20250318/image_03779.npy,Not enough keypoints in query image,0.0000
../data/raw/worms/extracted/20250318/image_03780.npy,Not enough keypoints in query image,0.0000
../data/raw/worms/extracted/20250318/image_03781.npy,Not enough keypoints in query image,0.0000
../data/raw/worms/extracted/20250318/image_03782.npy,../data/interim/event_imgs/203350000.jpg,0.7500
../data/raw/worms/extracted/20250318/image_03783.npy,Not enough keypoints in query image,0.0000
../data/raw/worms/extracted/20250318/image_03784.npy,Not enough keypoints in query image,0.0000
../data/raw/worms/extracted/20250318/image_03785.npy,Not enough keypoints in query image,0.0000
../data/raw/worms/extracted/20250318/image_03786.npy,Not enough keypoints in query image,0.0000
../data/raw/worms/extracted/20250318/image_03787.npy,Not enough keypoints in query image,0.0000
../data/raw/worms/extracted/20250318/image_03788.npy,Not enough keypoints in query image,0.0000
../data/raw/worms/extracted/20250318/image_03789.npy,Not enough keypoints in query image,0.0000
../data/raw/worms/extracted/20250318/image_03790.npy,Not enough keypoints in query image,0.0000
../data/raw/worms/extracted/20250318/image_03791.npy,Not enough keypoints in query image,0.0000
../data/raw/worms/extracted/20250318/image_03792.npy,Not enough keypoints in query image,0.0000
../data/raw/worms/extracted/20250318/image_03793.npy,Not enough keypoints in query image,0.0000
../data/raw/worms/extracted/20250318/image_03794.npy,Not enough keypoints in query image,0.0000
../data/raw/worms/extracted/20250318/image_03795.npy,Not enough keypoints in query image,0.0000
../data/raw/worms/extracted/20250318/image_03796.npy,Not enough keypoints in query image,0.0000
../data/raw/worms/extracted/20250318/image_03797.npy,Not enough keypoints in query image,0.0000
../data/raw/worms/extracted/20250318/image_03798.npy,Not enough keypoints in query image,0.0000
../data/raw/worms/extracted/20250318/image_03799.npy,Not enough keypoints in query image,0.0000
../data/raw/worms/extracted/20250318/image_03800.npy,Not enough keypoints in query image,0.0000
../data/raw/worms/extracted/20250318/image_03801.npy,Not enough keypoints in query image,0.0000
../data/raw/worms/extracted/20250318/image_03802.npy,Not enough keypoints in query image,0.0000
../data/raw/worms/extracted/20250318/image_03803.npy,Not enough keypoints in query image,0.0000
../data/raw/worms/extracted/20250318/image_03804.npy,Not enough keypoints in query image,0.0000
../data/raw/worms/extracted/20250318/image_03805.npy,Not enough keypoints in query image,0.0000
../data/raw/worms/extracted/20250318/image_03806.npy,Not enough keypoints in query image,0.0000
../data/raw/worms/extracted/20250318/image_03807.npy,Not enough keypoints in query image,0.0000
../data/raw/worms/extracted/20250318/image_03808.npy,Not enough keypoints in query image,0.0000
../data/raw/worms/extracted/20250318/image_03809.npy,Not enough keypoints in query image,0.0000
../data/raw/worms/extracted/20250318/image_03810.npy,Not enough keypoints in query image,0.0000
../data/raw/worms/extracted/20250318/image_03811.npy,Not enough keypoints in query image,0.0000
../data/raw/worms/extracted/20250318/image_03812.npy,Not enough keypoints in query image,0.0000
../data/raw/worms/extracted/20250318/image_03813.npy,Not enough keypoints in query image,0.0000
../data/raw/worms/extracted/20250318/image_03814.npy,Not enough keypoints in query image,0.0000
../data/raw/worms/extracted/20250318/image_03815.npy,Not enough keypoints in query image,0.0000
../data/raw/worms/extracted/20250318/image_03816.npy,Not enough keypoints in query image,0.0000
../data/raw/worms/extracted/20250318/image_03817.npy,Not enough keypoints in query image,0.0000
../data/raw/worms/extracted/20250318/image_03818.npy,Not enough keypoints in query image,0.0000
../data/raw/worms/extracted/20250318/image_03819.npy,Not enough keypoints in query image,0.0000
../data/raw/worms/extracted/20250318/image_03820.npy,Not enough keypoints in query image,0.0000
../data/raw/worms/extracted/20250318/image_03821.npy,Not enough keypoints in query image,0.0000
../data/raw/worms/extracted/20250318/image_03822.npy,Not enough keypoints in query image,0.0000
../data/raw/worms/extracted/20250318/image_03823.npy,Not enough keypoints in query image,0.0000
../data/raw/worms/extracted/20250318/image_03824.npy,Not enough keypoints in query image,0.0000
../data/raw/worms/extracted/20250318/image_03825.npy,Not enough keypoints in query image,0.0000
../data/raw/worms/extracted/20250318/image_03826.npy,Not enough keypoints in query image,0.0000
../data/raw/worms/extracted/20250318/image_03827.npy,Not enough keypoints in query image,0.0000
../data/raw/worms/extracted/20250318/image_03828.npy,Not enough keypoints in query image,0.0000
../data/raw/worms/extracted/20250318/image_03829.npy,Not enough keypoints in query image,0.0000
../data/raw/worms/extracted/20250318/image_03830.npy,Not enough keypoints in query image,0.0000
../data/raw/worms/extracted/20250318/image_03831.npy,Not enough keypoints in query image,0.0000
../data/raw/worms/extracted/20250318/image_03832.npy,Not enough keypoints in query image,0.0000
../data/raw/worms/extracted/20250318/image_03833.npy,Not enough keypoints in query image,0.0000
../data/raw/worms/extracted/20250318/image_03834.npy,Not enough keypoints in query image,0.0000
../data/raw/worms/extracted/20250318/image_03835.npy,Not enough keypoints in query image,0.0000
../data/raw/worms/extracted/20250318/image_03836.npy,Not enough keypoints in query image,0.0000
../data/raw/worms/extracted/20250318/image_03837.npy,Not enough keypoints in query image,0.0000
../data/raw/worms/extracted/20250318/image_03838.npy,Not enough keypoints in query image,0.0000
../data/raw/worms/extracted/20250318/image_03839.npy,Not enough keypoints in query image,0.0000
../data/raw/worms/extracted/20250318/image_03840.npy,Not enough keypoints in query image,0.0000
../data/raw/worms/extracted/20250318/image_03841.npy,Not enough keypoints in query image,0.0000
../data/raw/worms/extracted/20250318/image_03842.npy,Not enough keypoints in query image,0.0000
../data/raw/worms/extracted/20250318/image_03843.npy,Not enough keypoints in query image,0.0000
../data/raw/worms/extracted/20250318/image_03844.npy,Not enough keypoints in query image,0.0000
../data/raw/worms/extracted/20250318/image_03845.npy,Not enough keypoints in query image,0.0000
../data/raw/worms/extracted/20250318/image_03846.npy,Not enough keypoints in query image,0.0000
../data/raw/worms/extracted/20250318/image_03847.npy,Not enough keypoints in query image,0.0000
../data/raw/worms/extracted/20250318/image_03848.npy,Not enough keypoints in query image,0.0000
../data/raw/worms/extracted/20250318/image_03849.npy,Not enough keypoints in query image,0.0000
../data/raw/worms/extracted/20250318/image_03850.npy,Not enough keypoints in query image,0.0000
../data/raw/worms/extracted/20250318/image_03851.npy,Not enough keypoints in query image,0.0000
../data/raw/worms/extracted/20250318/image_03852.npy,Not enough keypoints in query image,0.0000
../data/raw/worms/extracted/20250318/image_03853.npy,Not enough keypoints in query image,0.0000
../data/raw/worms/extracted/20250318/image_03854.npy,Not enough keypoints in query image,0.0000
../data/raw/worms/extracted/20250318/image_03855.npy,Not enough keypoints in query image,0.0000
../data/raw/worms/extracted/20250318/image_03856.npy,Not enough keypoints in query image,0.0000
../data/raw/worms/extracted/20250318/image_03857.npy,Not enough keypoints in query image,0.0000
../data/raw/worms/extracted/20250318/image_03858.npy,Not enough keypoints in query image,0.0000
../data/raw/worms/extracted/20250318/image_03859.npy,Not enough keypoints in query image,0.0000
../data/raw/worms/extracted/20250318/image_03860.npy,Not enough keypoints in query image,0.0000
../data/raw/worms/extracted/20250318/image_03861.npy,Not enough keypoints in query image,0.0000
../data/raw/worms/extracted/20250318/image_03862.npy,Not enough keypoints in query image,0.0000
../data/raw/worms/extracted/20250318/image_03863.npy,Not enough keypoints in query image,0.0000
../data/raw/worms/extracted/20250318/image_03864.npy,Not enough keypoints in query image,0.0000
../data/raw/worms/extracted/20250318/image_03865.npy,Not enough keypoints in query image,0.0000
../data/raw/worms/extracted/20250318/image_03866.npy,Not enough keypoints in query image,0.0000
../data/raw/worms/extracted/20250318/image_03867.npy,Not enough keypoints in query image,0.0000
../data/raw/worms/extracted/20250318/image_03868.npy,Not enough keypoints in query image,0.0000
../data/raw/worms/extracted/20250318/image_03869.npy,Not enough keypoints in query image,0.0000
../data/raw/worms/extracted/20250318/image_03870.npy,Not enough keypoints in query image,0.0000
../data/raw/worms/extracted/20250318/image_03871.npy,Not enough keypoints in query image,0.0000
../data/raw/worms/extracted/20250318/image_03872.npy,Not enough keypoints in query image,0.0000
../data/raw/worms/extracted/20250318/image_03873.npy,Not enough keypoints in query image,0.0000
../data/raw/worms/extracted/20250318/image_03874.npy,Not enough keypoints in query image,0.0000
../data/raw/worms/extracted/20250318/image_03875.npy,Not enough keypoints in query image,0.0000
../data/raw/worms/extracted/20250318/image_03876.npy,Not enough keypoints in query image,0.0000
../data/raw/worms/extracted/20250318/image_03877.npy,Not enough keypoints in query image,0.0000
../data/raw/worms/extracted/20250318/image_03878.npy,Not enough keypoints in query image,0.0000
../data/raw/worms/extracted/20250318/image_03879.npy,Not enough keypoints in query image,0.0000
../data/raw/worms/extracted/20250318/image_03880.npy,Not enough keypoints in query image,0.0000
../data/raw/worms/extracted/20250318/image_03881.npy,Not enough keypoints in query image,0.0000
../data/raw/worms/extracted/20250318/image_03882.npy,Not enough keypoints in query image,0.0000
../data/raw/worms/extracted/20250318/image_03883.npy,Not enough keypoints in query image,0.0000
../data/raw/worms/extracted/20250318/image_03884.npy,Not enough keypoints in query image,0.0000
../data/raw/worms/extracted/20250318/image_03885.npy,Not enough keypoints in query image,0.0000
../data/raw/worms/extracted/20250318/image_03886.npy,Not enough keypoints in query image,0.0000
../data/raw/worms/extracted/20250318/image_03887.npy,Not enough keypoints in query image,0.0000
../data/raw/worms/extracted/20250318/image_03888.npy,Not enough keypoints in query image,0.0000
../data/raw/worms/extracted/20250318/image_03889.npy,Not enough keypoints in query image,0.0000
../data/raw/worms/extracted/20250318/image_03890.npy,Not enough keypoints in query image,0.0000
../data/raw/worms/extracted/20250318/image_03891.npy,Not enough keypoints in query image,0.0000
../data/raw/worms/extracted/20250318/image_03892.npy,Not enough keypoints in query image,0.0000
../data/raw/worms/extracted/20250318/image_03893.npy,Not enough keypoints in query image,0.0000
../data/raw/worms/extracted/20250318/image_03894.npy,Not enough keypoints in query image,0.0000
../data/raw/worms/extracted/20250318/image_03895.npy,Not enough keypoints in query image,0.0000
../data/raw/worms/extracted/20250318/image_03896.npy,Not enough keypoints in query image,0.0000
../data/raw/worms/extracted/20250318/image_03897.npy,Not enough keypoints in query image,0.0000
../data/raw/worms/extracted/20250318/image_03898.npy,Not enough keypoints in query image,0.0000
../data/raw/worms/extracted/20250318/image_03899.npy,Not enough keypoints in query image,0.0000
../data/raw/worms/extracted/20250318/image_03900.npy,Not enough keypoints in query image,0.0000
../data/raw/worms/extracted/20250318/image_03901.npy,Not enough keypoints in query image,0.0000
../data/raw/worms/extracted/20250318/image_03902.npy,Not enough keypoints in query image,0.0000
../data/raw/worms/extracted/20250318/image_03903.npy,Not enough keypoints in query image,0.0000
../data/raw/worms/extracted/20250318/image_03904.npy,Not enough keypoints in query image,0.0000
../data/raw/worms/extracted/20250318/image_03905.npy,Not enough keypoints in query image,0.0000
../data/raw/worms/extracted/20250318/image_03906.npy,Not enough keypoints in query image,0.0000
../data/raw/worms/extracted/20250318/image_03907.npy,Not enough keypoints in query image,0.0000
../data/raw/worms/extracted/20250318/image_03908.npy,Not enough keypoints in query image,0.0000
../data/raw/worms/extracted/20250318/image_03909.npy,Not enough keypoints in query image,0.0000
../data/raw/worms/extracted/20250318/image_03910.npy,Not enough keypoints in query image,0.0000
../data/raw/worms/extracted/20250318/image_03911.npy,Not enough keypoints in query image,0.0000
../data/raw/worms/extracted/20250318/image_03912.npy,Not enough keypoints in query image,0.0000
../data/raw/worms/extracted/20250318/image_03913.npy,Not enough keypoints in query image,0.0000
../data/raw/worms/extracted/20250318/image_03914.npy,Not enough keypoints in query image,0.0000
../data/raw/worms/extracted/20250318/image_03915.npy,Not enough keypoints in query image,0.0000
../data/raw/worms/extracted/20250318/image_03916.npy,Not enough keypoints in query image,0.0000
../data/raw/worms/extracted/20250318/image_03917.npy,Not enough keypoints in query image,0.0000
../data/raw/worms/extracted/20250318/image_03918.npy,Not enough keypoints in query image,0.0000
../data/raw/worms/extracted/20250318/image_03919.npy,Not enough keypoints in query image,0.0000
../data/raw/worms/extracted/20250318/image_03920.npy,Not enough keypoints in query image,0.0000
../data/raw/worms/extracted/20250318/image_03921.npy,Not enough keypoints in query image,0.0000
../data/raw/worms/extracted/20250318/image_03922.npy,Not enough keypoints in query image,0.0000
../data/raw/worms/extracted/20250318/image_03923.npy,Not enough keypoints in query image,0.0000
../data/raw/worms/extracted/20250318/image_03924.npy,Not enough keypoints in query image,0.0000
../data/raw/worms/extracted/20250318/image_03925.npy,Not enough keypoints in query image,0.0000
../data/raw/worms/extracted/20250318/image_03926.npy,Not enough keypoints in query image,0.0000
../data/raw/worms/extracted/20250318/image_03927.npy,Not enough keypoints in query image,0.0000
../data/raw/worms/extracted/20250318/image_03928.npy,Not enough keypoints in query image,0.0000
../data/raw/worms/extracted/20250318/image_03929.npy,Not enough keypoints in query image,0.0000
../data/raw/worms/extracted/20250318/image_03930.npy,Not enough keypoints in query image,0.0000
../data/raw/worms/extracted/20250318/image_03931.npy,Not enough keypoints in query image,0.0000
../data/raw/worms/extracted/20250318/image_03932.npy,Not enough keypoints in query image,0.0000
../data/raw/worms/extracted/20250318/image_03933.npy,Not enough keypoints in query image,0.0000
../data/raw/worms/extracted/20250318/image_03934.npy,Not enough keypoints in query image,0.0000
../data/raw/worms/extracted/20250318/image_03935.npy,Not enough keypoints in query image,0.0000
../data/raw/worms/extracted/20250318/image_03936.npy,../data/interim/event_imgs/140650000.jpg,0.6364
../data/raw/worms/extracted/20250318/image_03937.npy,../data/interim/event_imgs/219250000.jpg,0.7692
../data/raw/worms/extracted/20250318/image_03938.npy,../data/interim/event_imgs/169900000.jpg,0.7500
../data/raw/worms/extracted/20250318/image_03939.npy,Not enough keypoints in query image,0.0000
../data/raw/worms/extracted/20250318/image_03940.npy,Not enough keypoints in query image,0.0000
../data/raw/worms/extracted/20250318/image_03941.npy,Not enough keypoints in query image,0.0000
../data/raw/worms/extracted/20250318/image_03942.npy,Not enough keypoints in query image,0.0000
../data/raw/worms/extracted/20250318/image_03943.npy,Not enough keypoints in query image,0.0000
../data/raw/worms/extracted/20250318/image_03944.npy,Not enough keypoints in query image,0.0000
../data/raw/worms/extracted/20250318/image_03945.npy,Not enough keypoints in query image,0.0000
../data/raw/worms/extracted/20250318/image_03946.npy,Not enough keypoints in query image,0.0000
../data/raw/worms/extracted/20250318/image_03947.npy,Not enough keypoints in query image,0.0000
../data/raw/worms/extracted/20250318/image_03948.npy,Not enough keypoints in query image,0.0000
../data/raw/worms/extracted/20250318/image_03949.npy,Not enough keypoints in query image,0.0000
../data/raw/worms/extracted/20250318/image_03950.npy,Not enough keypoints in query image,0.0000
../data/raw/worms/extracted/20250318/image_03951.npy,Not enough keypoints in query image,0.0000
../data/raw/worms/extracted/20250318/image_03952.npy,Not enough keypoints in query image,0.0000
../data/raw/worms/extracted/20250318/image_03953.npy,Not enough keypoints in query image,0.0000
../data/raw/worms/extracted/20250318/image_03954.npy,Not enough keypoints in query image,0.0000
../data/raw/worms/extracted/20250318/image_03955.npy,Not enough keypoints in query image,0.0000
../data/raw/worms/extracted/20250318/image_03956.npy,Not enough keypoints in query image,0.0000
../data/raw/worms/extracted/20250318/image_03957.npy,Not enough keypoints in query image,0.0000
../data/raw/worms/extracted/20250318/image_03958.npy,Not enough keypoints in query image,0.0000
../data/raw/worms/extracted/20250318/image_03959.npy,Not enough keypoints in query image,0.0000
../data/raw/worms/extracted/20250318/image_03960.npy,Not enough keypoints in query image,0.0000
../data/raw/worms/extracted/20250318/image_03961.npy,Not enough keypoints in query image,0.0000
../data/raw/worms/extracted/20250318/image_03962.npy,Not enough keypoints in query image,0.0000
../data/raw/worms/extracted/20250318/image_03963.npy,Not enough keypoints in query image,0.0000
../data/raw/worms/extracted/20250318/image_03964.npy,Not enough keypoints in query image,0.0000
../data/raw/worms/extracted/20250318/image_03965.npy,Not enough keypoints in query image,0.0000
../data/raw/worms/extracted/20250318/image_03966.npy,Not enough keypoints in query image,0.0000
../data/raw/worms/extracted/20250318/image_03967.npy,Not enough keypoints in query image,0.0000
../data/raw/worms/extracted/20250318/image_03968.npy,Not enough keypoints in query image,0.0000
../data/raw/worms/extracted/20250318/image_03969.npy,Not enough keypoints in query image,0.0000
../data/raw/worms/extracted/20250318/image_03970.npy,Not enough keypoints in query image,0.0000
../data/raw/worms/extracted/20250318/image_03971.npy,Not enough keypoints in query image,0.0000
../data/raw/worms/extracted/20250318/image_03972.npy,Not enough keypoints in query image,0.0000
../data/raw/worms/extracted/20250318/image_03973.npy,Not enough keypoints in query image,0.0000
../data/raw/worms/extracted/20250318/image_03974.npy,Not enough keypoints in query image,0.0000
../data/raw/worms/extracted/20250318/image_03975.npy,Not enough keypoints in query image,0.0000
../data/raw/worms/extracted/20250318/image_03976.npy,Not enough keypoints in query image,0.0000
../data/raw/worms/extracted/20250318/image_03977.npy,../data/interim/event_imgs/233950000.jpg,0.9375
../data/raw/worms/extracted/20250318/image_03978.npy,Not enough keypoints in query image,0.0000
../data/raw/worms/extracted/20250318/image_03979.npy,Not enough keypoints in query image,0.0000
../data/raw/worms/extracted/20250318/image_03980.npy,Not enough keypoints in query image,0.0000
../data/raw/worms/extracted/20250318/image_03981.npy,Not enough keypoints in query image,0.0000
../data/raw/worms/extracted/20250318/image_03982.npy,Not enough keypoints in query image,0.0000
../data/raw/worms/extracted/20250318/image_03983.npy,Not enough keypoints in query image,0.0000
../data/raw/worms/extracted/20250318/image_03984.npy,Not enough keypoints in query image,0.0000
../data/raw/worms/extracted/20250318/image_03985.npy,Not enough keypoints in query image,0.0000
../data/raw/worms/extracted/20250318/image_03986.npy,Not enough keypoints in query image,0.0000
../data/raw/worms/extracted/20250318/image_03987.npy,Not enough keypoints in query image,0.0000
../data/raw/worms/extracted/20250318/image_03988.npy,Not enough keypoints in query image,0.0000
../data/raw/worms/extracted/20250318/image_03989.npy,Not enough keypoints in query image,0.0000
../data/raw/worms/extracted/20250318/image_03990.npy,Not enough keypoints in query image,0.0000
../data/raw/worms/extracted/20250318/image_03991.npy,Not enough keypoints in query image,0.0000
../data/raw/worms/extracted/20250318/image_03992.npy,Not enough keypoints in query image,0.0000
../data/raw/worms/extracted/20250318/image_03993.npy,Not enough keypoints in query image,0.0000
../data/raw/worms/extracted/20250318/image_03994.npy,Not enough keypoints in query image,0.0000
../data/raw/worms/extracted/20250318/image_03995.npy,Not enough keypoints in query image,0.0000
../data/raw/worms/extracted/20250318/image_03996.npy,Not enough keypoints in query image,0.0000
../data/raw/worms/extracted/20250318/image_03997.npy,Not enough keypoints in query image,0.0000
../data/raw/worms/extracted/20250318/image_03998.npy,Not enough keypoints in query image,0.0000
../data/raw/worms/extracted/20250318/image_03999.npy,Not enough keypoints in query image,0.0000
../data/raw/worms/extracted/20250318/image_04000.npy,Not enough keypoints in query image,0.0000
../data/raw/worms/extracted/20250318/image_04001.npy,Not enough keypoints in query image,0.0000
../data/raw/worms/extracted/20250318/image_04002.npy,Not enough keypoints in query image,0.0000
../data/raw/worms/extracted/20250318/image_04003.npy,Not enough keypoints in query image,0.0000
../data/raw/worms/extracted/20250318/image_04004.npy,Not enough keypoints in query image,0.0000
../data/raw/worms/extracted/20250318/image_04005.npy,Not enough keypoints in query image,0.0000
../data/raw/worms/extracted/20250318/image_04006.npy,Not enough keypoints in query image,0.0000
../data/raw/worms/extracted/20250318/image_04007.npy,Not enough keypoints in query image,0.0000
../data/raw/worms/extracted/20250318/image_04008.npy,Not enough keypoints in query image,0.0000
../data/raw/worms/extracted/20250318/image_04009.npy,Not enough keypoints in query image,0.0000
../data/raw/worms/extracted/20250318/image_04010.npy,Not enough keypoints in query image,0.0000
../data/raw/worms/extracted/20250318/image_04011.npy,Not enough keypoints in query image,0.0000
../data/raw/worms/extracted/20250318/image_04012.npy,Not enough keypoints in query image,0.0000
../data/raw/worms/extracted/20250318/image_04013.npy,Not enough keypoints in query image,0.0000
../data/raw/worms/extracted/20250318/image_04014.npy,Not enough keypoints in query image,0.0000
../data/raw/worms/extracted/20250318/image_04015.npy,Not enough keypoints in query image,0.0000
../data/raw/worms/extracted/20250318/image_04016.npy,Not enough keypoints in query image,0.0000
../data/raw/worms/extracted/20250318/image_04017.npy,Not enough keypoints in query image,0.0000
../data/raw/worms/extracted/20250318/image_04018.npy,Not enough keypoints in query image,0.0000
../data/raw/worms/extracted/20250318/image_04019.npy,Not enough keypoints in query image,0.0000
../data/raw/worms/extracted/20250318/image_04020.npy,Not enough keypoints in query image,0.0000
../data/raw/worms/extracted/20250318/image_04021.npy,Not enough keypoints in query image,0.0000
../data/raw/worms/extracted/20250318/image_04022.npy,Not enough keypoints in query image,0.0000
../data/raw/worms/extracted/20250318/image_04023.npy,Not enough keypoints in query image,0.0000
../data/raw/worms/extracted/20250318/image_04024.npy,Not enough keypoints in query image,0.0000
../data/raw/worms/extracted/20250318/image_04025.npy,Not enough keypoints in query image,0.0000
../data/raw/worms/extracted/20250318/image_04026.npy,Not enough keypoints in query image,0.0000
../data/raw/worms/extracted/20250318/image_04027.npy,Not enough keypoints in query image,0.0000
../data/raw/worms/extracted/20250318/image_04028.npy,Not enough keypoints in query image,0.0000
../data/raw/worms/extracted/20250318/image_04029.npy,Not enough keypoints in query image,0.0000
../data/raw/worms/extracted/20250318/image_04030.npy,Not enough keypoints in query image,0.0000
../data/raw/worms/extracted/20250318/image_04031.npy,Not enough keypoints in query image,0.0000
../data/raw/worms/extracted/20250318/image_04032.npy,Not enough keypoints in query image,0.0000
../data/raw/worms/extracted/20250318/image_04033.npy,Not enough keypoints in query image,0.0000
../data/raw/worms/extracted/20250318/image_04034.npy,Not enough keypoints in query image,0.0000
../data/raw/worms/extracted/20250318/image_04035.npy,Not enough keypoints in query image,0.0000
../data/raw/worms/extracted/20250318/image_04036.npy,Not enough keypoints in query image,0.0000
../data/raw/worms/extracted/20250318/image_04037.npy,Not enough keypoints in query image,0.0000
../data/raw/worms/extracted/20250318/image_04038.npy,Not enough keypoints in query image,0.0000
../data/raw/worms/extracted/20250318/image_04039.npy,Not enough keypoints in query image,0.0000
../data/raw/worms/extracted/20250318/image_04040.npy,Not enough keypoints in query image,0.0000
../data/raw/worms/extracted/20250318/image_04041.npy,Not enough keypoints in query image,0.0000
../data/raw/worms/extracted/20250318/image_04042.npy,Not enough keypoints in query image,0.0000
../data/raw/worms/extracted/20250318/image_04043.npy,Not enough keypoints in query image,0.0000
../data/raw/worms/extracted/20250318/image_04044.npy,Not enough keypoints in query image,0.0000
../data/raw/worms/extracted/20250318/image_04045.npy,Not enough keypoints in query image,0.0000
../data/raw/worms/extracted/20250318/image_04046.npy,Not enough keypoints in query image,0.0000
../data/raw/worms/extracted/20250318/image_04047.npy,Not enough keypoints in query image,0.0000
../data/raw/worms/extracted/20250318/image_04048.npy,Not enough keypoints in query image,0.0000
../data/raw/worms/extracted/20250318/image_04049.npy,Not enough keypoints in query image,0.0000
../data/raw/worms/extracted/20250318/image_04050.npy,Not enough keypoints in query image,0.0000
../data/raw/worms/extracted/20250318/image_04051.npy,Not enough keypoints in query image,0.0000
../data/raw/worms/extracted/20250318/image_04052.npy,Not enough keypoints in query image,0.0000
../data/raw/worms/extracted/20250318/image_04053.npy,Not enough keypoints in query image,0.0000
../data/raw/worms/extracted/20250318/image_04054.npy,Not enough keypoints in query image,0.0000
../data/raw/worms/extracted/20250318/image_04055.npy,Not enough keypoints in query image,0.0000
../data/raw/worms/extracted/20250318/image_04056.npy,Not enough keypoints in query image,0.0000
../data/raw/worms/extracted/20250318/image_04057.npy,Not enough keypoints in query image,0.0000
../data/raw/worms/extracted/20250318/image_04058.npy,Not enough keypoints in query image,0.0000
../data/raw/worms/extracted/20250318/image_04059.npy,Not enough keypoints in query image,0.0000
../data/raw/worms/extracted/20250318/image_04060.npy,Not enough keypoints in query image,0.0000
../data/raw/worms/extracted/20250318/image_04061.npy,Not enough keypoints in query image,0.0000
../data/raw/worms/extracted/20250318/image_04062.npy,Not enough keypoints in query image,0.0000
../data/raw/worms/extracted/20250318/image_04063.npy,Not enough keypoints in query image,0.0000
../data/raw/worms/extracted/20250318/image_04064.npy,Not enough keypoints in query image,0.0000
../data/raw/worms/extracted/20250318/image_04065.npy,Not enough keypoints in query image,0.0000
../data/raw/worms/extracted/20250318/image_04066.npy,Not enough keypoints in query image,0.0000
../data/raw/worms/extracted/20250318/image_04067.npy,Not enough keypoints in query image,0.0000
../data/raw/worms/extracted/20250318/image_04068.npy,Not enough keypoints in query image,0.0000
../data/raw/worms/extracted/20250318/image_04069.npy,Not enough keypoints in query image,0.0000
../data/raw/worms/extracted/20250318/image_04070.npy,Not enough keypoints in query image,0.0000
../data/raw/worms/extracted/20250318/image_04071.npy,Not enough keypoints in query image,0.0000
../data/raw/worms/extracted/20250318/image_04072.npy,Not enough keypoints in query image,0.0000
../data/raw/worms/extracted/20250318/image_04073.npy,Not enough keypoints in query image,0.0000
../data/raw/worms/extracted/20250318/image_04074.npy,Not enough keypoints in query image,0.0000
../data/raw/worms/extracted/20250318/image_04075.npy,Not enough keypoints in query image,0.0000
../data/raw/worms/extracted/20250318/image_04076.npy,Not enough keypoints in query image,0.0000
../data/raw/worms/extracted/20250318/image_04077.npy,Not enough keypoints in query image,0.0000
../data/raw/worms/extracted/20250318/image_04078.npy,Not enough keypoints in query image,0.0000
../data/raw/worms/extracted/20250318/image_04079.npy,Not enough keypoints in query image,0.0000
../data/raw/worms/extracted/20250318/image_04080.npy,Not enough keypoints in query image,0.0000
../data/raw/worms/extracted/20250318/image_04081.npy,Not enough keypoints in query image,0.0000
../data/raw/worms/extracted/20250318/image_04082.npy,Not enough keypoints in query image,0.0000
../data/raw/worms/extracted/20250318/image_04083.npy,Not enough keypoints in query image,0.0000
../data/raw/worms/extracted/20250318/image_04084.npy,Not enough keypoints in query image,0.0000
../data/raw/worms/extracted/20250318/image_04085.npy,Not enough keypoints in query image,0.0000
../data/raw/worms/extracted/20250318/image_04086.npy,Not enough keypoints in query image,0.0000
../data/raw/worms/extracted/20250318/image_04087.npy,Not enough keypoints in query image,0.0000
../data/raw/worms/extracted/20250318/image_04088.npy,Not enough keypoints in query image,0.0000
../data/raw/worms/extracted/20250318/image_04089.npy,Not enough keypoints in query image,0.0000
../data/raw/worms/extracted/20250318/image_04090.npy,Not enough keypoints in query image,0.0000
../data/raw/worms/extracted/20250318/image_04091.npy,Not enough keypoints in query image,0.0000
../data/raw/worms/extracted/20250318/image_04092.npy,Not enough keypoints in query image,0.0000
../data/raw/worms/extracted/20250318/image_04093.npy,Not enough keypoints in query image,0.0000
../data/raw/worms/extracted/20250318/image_04094.npy,Not enough keypoints in query image,0.0000
../data/raw/worms/extracted/20250318/image_04095.npy,Not enough keypoints in query image,0.0000
../data/raw/worms/extracted/20250318/image_04096.npy,Not enough keypoints in query image,0.0000
../data/raw/worms/extracted/20250318/image_04097.npy,Not enough keypoints in query image,0.0000
../data/raw/worms/extracted/20250318/image_04098.npy,Not enough keypoints in query image,0.0000
../data/raw/worms/extracted/20250318/image_04099.npy,Not enough keypoints in query image,0.0000
../data/raw/worms/extracted/20250318/image_04100.npy,Not enough keypoints in query image,0.0000
../data/raw/worms/extracted/20250318/image_04101.npy,Not enough keypoints in query image,0.0000
../data/raw/worms/extracted/20250318/image_04102.npy,Not enough keypoints in query image,0.0000
../data/raw/worms/extracted/20250318/image_04103.npy,Not enough keypoints in query image,0.0000
../data/raw/worms/extracted/20250318/image_04104.npy,Not enough keypoints in query image,0.0000
../data/raw/worms/extracted/20250318/image_04105.npy,Not enough keypoints in query image,0.0000
../data/raw/worms/extracted/20250318/image_04106.npy,Not enough keypoints in query image,0.0000
../data/raw/worms/extracted/20250318/image_04107.npy,Not enough keypoints in query image,0.0000
../data/raw/worms/extracted/20250318/image_04108.npy,Not enough keypoints in query image,0.0000
../data/raw/worms/extracted/20250318/image_04109.npy,Not enough keypoints in query image,0.0000
../data/raw/worms/extracted/20250318/image_04110.npy,Not enough keypoints in query image,0.0000
../data/raw/worms/extracted/20250318/image_04111.npy,Not enough keypoints in query image,0.0000
../data/raw/worms/extracted/20250318/image_04112.npy,../data/interim/event_imgs/94900000.jpg,0.7419
../data/raw/worms/extracted/20250318/image_04113.npy,../data/interim/event_imgs/128350000.jpg,0.4815
../data/raw/worms/extracted/20250318/image_04114.npy,Not enough keypoints in query image,0.0000
../data/raw/worms/extracted/20250318/image_04115.npy,Not enough keypoints in query image,0.0000
../data/raw/worms/extracted/20250318/image_04116.npy,Not enough keypoints in query image,0.0000
../data/raw/worms/extracted/20250318/image_04117.npy,Not enough keypoints in query image,0.0000
../data/raw/worms/extracted/20250318/image_04118.npy,Not enough keypoints in query image,0.0000
../data/raw/worms/extracted/20250318/image_04119.npy,Not enough keypoints in query image,0.0000
../data/raw/worms/extracted/20250318/image_04120.npy,Not enough keypoints in query image,0.0000
../data/raw/worms/extracted/20250318/image_04121.npy,Not enough keypoints in query image,0.0000
../data/raw/worms/extracted/20250318/image_04122.npy,Not enough keypoints in query image,0.0000
../data/raw/worms/extracted/20250318/image_04123.npy,Not enough keypoints in query image,0.0000
../data/raw/worms/extracted/20250318/image_04124.npy,Not enough keypoints in query image,0.0000
../data/raw/worms/extracted/20250318/image_04125.npy,Not enough keypoints in query image,0.0000
../data/raw/worms/extracted/20250318/image_04126.npy,Not enough keypoints in query image,0.0000
../data/raw/worms/extracted/20250318/image_04127.npy,Not enough keypoints in query image,0.0000
../data/raw/worms/extracted/20250318/image_04128.npy,Not enough keypoints in query image,0.0000
../data/raw/worms/extracted/20250318/image_04129.npy,Not enough keypoints in query image,0.0000
../data/raw/worms/extracted/20250318/image_04130.npy,Not enough keypoints in query image,0.0000
../data/raw/worms/extracted/20250318/image_04131.npy,Not enough keypoints in query image,0.0000
../data/raw/worms/extracted/20250318/image_04132.npy,Not enough keypoints in query image,0.0000
../data/raw/worms/extracted/20250318/image_04133.npy,Not enough keypoints in query image,0.0000
../data/raw/worms/extracted/20250318/image_04134.npy,Not enough keypoints in query image,0.0000
../data/raw/worms/extracted/20250318/image_04135.npy,Not enough keypoints in query image,0.0000
../data/raw/worms/extracted/20250318/image_04136.npy,Not enough keypoints in query image,0.0000
../data/raw/worms/extracted/20250318/image_04137.npy,Not enough keypoints in query image,0.0000
../data/raw/worms/extracted/20250318/image_04138.npy,Not enough keypoints in query image,0.0000
../data/raw/worms/extracted/20250318/image_04139.npy,Not enough keypoints in query image,0.0000
../data/raw/worms/extracted/20250318/image_04140.npy,Not enough keypoints in query image,0.0000
../data/raw/worms/extracted/20250318/image_04141.npy,Not enough keypoints in query image,0.0000
../data/raw/worms/extracted/20250318/image_04142.npy,Not enough keypoints in query image,0.0000
../data/raw/worms/extracted/20250318/image_04143.npy,Not enough keypoints in query image,0.0000
../data/raw/worms/extracted/20250318/image_04144.npy,Not enough keypoints in query image,0.0000
../data/raw/worms/extracted/20250318/image_04145.npy,Not enough keypoints in query image,0.0000
../data/raw/worms/extracted/20250318/image_04146.npy,Not enough keypoints in query image,0.0000
../data/raw/worms/extracted/20250318/image_04147.npy,Not enough keypoints in query image,0.0000
../data/raw/worms/extracted/20250318/image_04148.npy,Not enough keypoints in query image,0.0000
../data/raw/worms/extracted/20250318/image_04149.npy,Not enough keypoints in query image,0.0000
../data/raw/worms/extracted/20250318/image_04150.npy,Not enough keypoints in query image,0.0000
../data/raw/worms/extracted/20250318/image_04151.npy,Not enough keypoints in query image,0.0000
../data/raw/worms/extracted/20250318/image_04152.npy,Not enough keypoints in query image,0.0000
../data/raw/worms/extracted/20250318/image_04153.npy,Not enough keypoints in query image,0.0000
../data/raw/worms/extracted/20250318/image_04154.npy,Not enough keypoints in query image,0.0000
../data/raw/worms/extracted/20250318/image_04155.npy,Not enough keypoints in query image,0.0000
../data/raw/worms/extracted/20250318/image_04156.npy,Not enough keypoints in query image,0.0000
../data/raw/worms/extracted/20250318/image_04157.npy,Not enough keypoints in query image,0.0000
../data/raw/worms/extracted/20250318/image_04158.npy,Not enough keypoints in query image,0.0000
../data/raw/worms/extracted/20250318/image_04159.npy,Not enough keypoints in query image,0.0000
../data/raw/worms/extracted/20250318/image_04160.npy,Not enough keypoints in query image,0.0000
../data/raw/worms/extracted/20250318/image_04161.npy,Not enough keypoints in query image,0.0000
../data/raw/worms/extracted/20250318/image_04162.npy,Not enough keypoints in query image,0.0000
../data/raw/worms/extracted/20250318/image_04163.npy,Not enough keypoints in query image,0.0000
../data/raw/worms/extracted/20250318/image_04164.npy,Not enough keypoints in query image,0.0000
../data/raw/worms/extracted/20250318/image_04165.npy,Not enough keypoints in query image,0.0000
../data/raw/worms/extracted/20250318/image_04166.npy,Not enough keypoints in query image,0.0000
../data/raw/worms/extracted/20250318/image_04167.npy,Not enough keypoints in query image,0.0000
../data/raw/worms/extracted/20250318/image_04168.npy,Not enough keypoints in query image,0.0000
../data/raw/worms/extracted/20250318/image_04169.npy,Not enough keypoints in query image,0.0000
../data/raw/worms/extracted/20250318/image_04170.npy,Not enough keypoints in query image,0.0000
../data/raw/worms/extracted/20250318/image_04171.npy,Not enough keypoints in query image,0.0000
../data/raw/worms/extracted/20250318/image_04172.npy,Not enough keypoints in query image,0.0000
../data/raw/worms/extracted/20250318/image_04173.npy,Not enough keypoints in query image,0.0000
../data/raw/worms/extracted/20250318/image_04174.npy,Not enough keypoints in query image,0.0000
../data/raw/worms/extracted/20250318/image_04175.npy,Not enough keypoints in query image,0.0000
../data/raw/worms/extracted/20250318/image_04176.npy,Not enough keypoints in query image,0.0000
../data/raw/worms/extracted/20250318/image_04177.npy,../data/interim/event_imgs/101050000.jpg,0.4737
../data/raw/worms/extracted/20250318/image_04178.npy,../data/interim/event_imgs/144700000.jpg,0.7778
../data/raw/worms/extracted/20250318/image_04179.npy,Not enough keypoints in query image,0.0000
../data/raw/worms/extracted/20250318/image_04180.npy,Not enough keypoints in query image,0.0000
../data/raw/worms/extracted/20250318/image_04181.npy,Not enough keypoints in query image,0.0000
../data/raw/worms/extracted/20250318/image_04182.npy,Not enough keypoints in query image,0.0000
../data/raw/worms/extracted/20250318/image_04183.npy,Not enough keypoints in query image,0.0000
../data/raw/worms/extracted/20250318/image_04184.npy,Not enough keypoints in query image,0.0000
../data/raw/worms/extracted/20250318/image_04185.npy,Not enough keypoints in query image,0.0000
../data/raw/worms/extracted/20250318/image_04186.npy,Not enough keypoints in query image,0.0000
../data/raw/worms/extracted/20250318/image_04187.npy,Not enough keypoints in query image,0.0000
../data/raw/worms/extracted/20250318/image_04188.npy,Not enough keypoints in query image,0.0000
../data/raw/worms/extracted/20250318/image_04189.npy,Not enough keypoints in query image,0.0000
../data/raw/worms/extracted/20250318/image_04190.npy,Not enough keypoints in query image,0.0000
../data/raw/worms/extracted/20250318/image_04191.npy,Not enough keypoints in query image,0.0000
../data/raw/worms/extracted/20250318/image_04192.npy,Not enough keypoints in query image,0.0000
../data/raw/worms/extracted/20250318/image_04193.npy,Not enough keypoints in query image,0.0000
../data/raw/worms/extracted/20250318/image_04194.npy,Not enough keypoints in query image,0.0000
../data/raw/worms/extracted/20250318/image_04195.npy,Not enough keypoints in query image,0.0000
../data/raw/worms/extracted/20250318/image_04196.npy,Not enough keypoints in query image,0.0000
../data/raw/worms/extracted/20250318/image_04197.npy,Not enough keypoints in query image,0.0000
../data/raw/worms/extracted/20250318/image_04198.npy,Not enough keypoints in query image,0.0000
../data/raw/worms/extracted/20250318/image_04199.npy,Not enough keypoints in query image,0.0000
../data/raw/worms/extracted/20250318/image_04200.npy,Not enough keypoints in query image,0.0000
../data/raw/worms/extracted/20250318/image_04201.npy,Not enough keypoints in query image,0.0000
../data/raw/worms/extracted/20250318/image_04202.npy,Not enough keypoints in query image,0.0000
../data/raw/worms/extracted/20250318/image_04203.npy,Not enough keypoints in query image,0.0000
../data/raw/worms/extracted/20250318/image_04204.npy,Not enough keypoints in query image,0.0000
../data/raw/worms/extracted/20250318/image_04205.npy,Not enough keypoints in query image,0.0000
../data/raw/worms/extracted/20250318/image_04206.npy,Not enough keypoints in query image,0.0000
../data/raw/worms/extracted/20250318/image_04207.npy,Not enough keypoints in query image,0.0000
../data/raw/worms/extracted/20250318/image_04208.npy,Not enough keypoints in query image,0.0000
../data/raw/worms/extracted/20250318/image_04209.npy,Not enough keypoints in query image,0.0000
../data/raw/worms/extracted/20250318/image_04210.npy,Not enough keypoints in query image,0.0000
../data/raw/worms/extracted/20250318/image_04211.npy,Not enough keypoints in query image,0.0000
../data/raw/worms/extracted/20250318/image_04212.npy,Not enough keypoints in query image,0.0000
../data/raw/worms/extracted/20250318/image_04213.npy,Not enough keypoints in query image,0.0000
../data/raw/worms/extracted/20250318/image_04214.npy,Not enough keypoints in query image,0.0000
../data/raw/worms/extracted/20250318/image_04215.npy,Not enough keypoints in query image,0.0000
../data/raw/worms/extracted/20250318/image_04216.npy,Not enough keypoints in query image,0.0000
../data/raw/worms/extracted/20250318/image_04217.npy,Not enough keypoints in query image,0.0000
../data/raw/worms/extracted/20250318/image_04218.npy,Not enough keypoints in query image,0.0000
../data/raw/worms/extracted/20250318/image_04219.npy,Not enough keypoints in query image,0.0000
../data/raw/worms/extracted/20250318/image_04220.npy,Not enough keypoints in query image,0.0000
../data/raw/worms/extracted/20250318/image_04221.npy,Not enough keypoints in query image,0.0000
../data/raw/worms/extracted/20250318/image_04222.npy,Not enough keypoints in query image,0.0000
../data/raw/worms/extracted/20250318/image_04223.npy,Not enough keypoints in query image,0.0000
../data/raw/worms/extracted/20250318/image_04224.npy,Not enough keypoints in query image,0.0000
../data/raw/worms/extracted/20250318/image_04225.npy,Not enough keypoints in query image,0.0000
../data/raw/worms/extracted/20250318/image_04226.npy,Not enough keypoints in query image,0.0000
../data/raw/worms/extracted/20250318/image_04227.npy,Not enough keypoints in query image,0.0000
../data/raw/worms/extracted/20250318/image_04228.npy,Not enough keypoints in query image,0.0000
../data/raw/worms/extracted/20250318/image_04229.npy,Not enough keypoints in query image,0.0000
../data/raw/worms/extracted/20250318/image_04230.npy,Not enough keypoints in query image,0.0000
../data/raw/worms/extracted/20250318/image_04231.npy,Not enough keypoints in query image,0.0000
../data/raw/worms/extracted/20250318/image_04232.npy,Not enough keypoints in query image,0.0000
../data/raw/worms/extracted/20250318/image_04233.npy,../data/interim/event_imgs/206350000.jpg,0.4138
../data/raw/worms/extracted/20250318/image_04234.npy,../data/interim/event_imgs/128650000.jpg,0.6000
../data/raw/worms/extracted/20250318/image_04235.npy,../data/interim/event_imgs/243700000.jpg,0.4828
../data/raw/worms/extracted/20250318/image_04236.npy,../data/interim/event_imgs/128500000.jpg,0.3182
../data/raw/worms/extracted/20250318/image_04237.npy,../data/interim/event_imgs/206350000.jpg,0.7241
../data/raw/worms/extracted/20250318/image_04238.npy,Not enough keypoints in query image,0.0000
../data/raw/worms/extracted/20250318/image_04239.npy,Not enough keypoints in query image,0.0000
../data/raw/worms/extracted/20250318/image_04240.npy,Not enough keypoints in query image,0.0000
../data/raw/worms/extracted/20250318/image_04241.npy,Not enough keypoints in query image,0.0000
../data/raw/worms/extracted/20250318/image_04242.npy,Not enough keypoints in query image,0.0000
../data/raw/worms/extracted/20250318/image_04243.npy,Not enough keypoints in query image,0.0000
../data/raw/worms/extracted/20250318/image_04244.npy,Not enough keypoints in query image,0.0000
../data/raw/worms/extracted/20250318/image_04245.npy,Not enough keypoints in query image,0.0000
../data/raw/worms/extracted/20250318/image_04246.npy,Not enough keypoints in query image,0.0000
../data/raw/worms/extracted/20250318/image_04247.npy,Not enough keypoints in query image,0.0000
../data/raw/worms/extracted/20250318/image_04248.npy,Not enough keypoints in query image,0.0000
../data/raw/worms/extracted/20250318/image_04249.npy,Not enough keypoints in query image,0.0000
../data/raw/worms/extracted/20250318/image_04250.npy,Not enough keypoints in query image,0.0000
../data/raw/worms/extracted/20250318/image_04251.npy,Not enough keypoints in query image,0.0000
../data/raw/worms/extracted/20250318/image_04252.npy,Not enough keypoints in query image,0.0000
../data/raw/worms/extracted/20250318/image_04253.npy,Not enough keypoints in query image,0.0000
../data/raw/worms/extracted/20250318/image_04254.npy,../data/interim/event_imgs/244750000.jpg,0.6429
../data/raw/worms/extracted/20250318/image_04255.npy,../data/interim/event_imgs/147400000.jpg,0.6667
../data/raw/worms/extracted/20250318/image_04256.npy,../data/interim/event_imgs/158350000.jpg,0.5833
../data/raw/worms/extracted/20250318/image_04257.npy,../data/interim/event_imgs/225850000.jpg,0.8000
../data/raw/worms/extracted/20250318/image_04258.npy,Not enough keypoints in query image,0.0000
../data/raw/worms/extracted/20250318/image_04259.npy,../data/interim/event_imgs/203350000.jpg,1.0000
../data/raw/worms/extracted/20250318/image_04260.npy,Not enough keypoints in query image,0.0000
../data/raw/worms/extracted/20250318/image_04261.npy,Not enough keypoints in query image,0.0000
../data/raw/worms/extracted/20250318/image_04262.npy,Not enough keypoints in query image,0.0000
../data/raw/worms/extracted/20250318/image_04263.npy,Not enough keypoints in query image,0.0000
../data/raw/worms/extracted/20250318/image_04264.npy,../data/interim/event_imgs/217150000.jpg,0.5000
../data/raw/worms/extracted/20250318/image_04265.npy,../data/interim/event_imgs/657000.jpg,0.4510
../data/raw/worms/extracted/20250318/image_04266.npy,../data/interim/event_imgs/327000.jpg,0.6216
../data/raw/worms/extracted/20250318/image_04267.npy,../data/interim/event_imgs/181750000.jpg,0.6500
../data/raw/worms/extracted/20250318/image_04268.npy,../data/interim/event_imgs/170050000.jpg,0.4935
../data/raw/worms/extracted/20250318/image_04269.npy,../data/interim/event_imgs/203350000.jpg,0.8000
../data/raw/worms/extracted/20250318/image_04270.npy,Not enough keypoints in query image,0.0000
../data/raw/worms/extracted/20250318/image_04271.npy,Not enough keypoints in query image,0.0000
../data/raw/worms/extracted/20250318/image_04272.npy,Not enough keypoints in query image,0.0000
../data/raw/worms/extracted/20250318/image_04273.npy,Not enough keypoints in query image,0.0000
../data/raw/worms/extracted/20250318/image_04274.npy,Not enough keypoints in query image,0.0000
../data/raw/worms/extracted/20250318/image_04275.npy,Not enough keypoints in query image,0.0000
../data/raw/worms/extracted/20250318/image_04276.npy,Not enough keypoints in query image,0.0000
../data/raw/worms/extracted/20250318/image_04277.npy,Not enough keypoints in query image,0.0000
../data/raw/worms/extracted/20250318/image_04278.npy,Not enough keypoints in query image,0.0000
../data/raw/worms/extracted/20250318/image_04279.npy,Not enough keypoints in query image,0.0000
../data/raw/worms/extracted/20250318/image_04280.npy,Not enough keypoints in query image,0.0000
../data/raw/worms/extracted/20250318/image_04281.npy,Not enough keypoints in query image,0.0000
../data/raw/worms/extracted/20250318/image_04282.npy,Not enough keypoints in query image,0.0000
../data/raw/worms/extracted/20250318/image_04283.npy,Not enough keypoints in query image,0.0000
../data/raw/worms/extracted/20250318/image_04284.npy,Not enough keypoints in query image,0.0000
../data/raw/worms/extracted/20250318/image_04285.npy,Not enough keypoints in query image,0.0000
../data/raw/worms/extracted/20250318/image_04286.npy,Not enough keypoints in query image,0.0000
../data/raw/worms/extracted/20250318/image_04287.npy,Not enough keypoints in query image,0.0000
../data/raw/worms/extracted/20250318/image_04288.npy,Not enough keypoints in query image,0.0000
../data/raw/worms/extracted/20250318/image_04289.npy,Not enough keypoints in query image,0.0000
../data/raw/worms/extracted/20250318/image_04290.npy,Not enough keypoints in query image,0.0000
../data/raw/worms/extracted/20250318/image_04291.npy,Not enough keypoints in query image,0.0000
../data/raw/worms/extracted/20250318/image_04292.npy,Not enough keypoints in query image,0.0000
../data/raw/worms/extracted/20250318/image_04293.npy,Not enough keypoints in query image,0.0000
../data/raw/worms/extracted/20250318/image_04294.npy,Not enough keypoints in query image,0.0000
../data/raw/worms/extracted/20250318/image_04295.npy,Not enough keypoints in query image,0.0000
../data/raw/worms/extracted/20250318/image_04296.npy,Not enough keypoints in query image,0.0000
../data/raw/worms/extracted/20250318/image_04297.npy,Not enough keypoints in query image,0.0000
../data/raw/worms/extracted/20250318/image_04298.npy,Not enough keypoints in query image,0.0000
../data/raw/worms/extracted/20250318/image_04299.npy,Not enough keypoints in query image,0.0000
../data/raw/worms/extracted/20250318/image_04300.npy,Not enough keypoints in query image,0.0000
../data/raw/worms/extracted/20250318/image_04301.npy,Not enough keypoints in query image,0.0000
../data/raw/worms/extracted/20250318/image_04302.npy,Not enough keypoints in query image,0.0000
../data/raw/worms/extracted/20250318/image_04303.npy,Not enough keypoints in query image,0.0000
../data/raw/worms/extracted/20250318/image_04304.npy,Not enough keypoints in query image,0.0000
../data/raw/worms/extracted/20250318/image_04305.npy,Not enough keypoints in query image,0.0000
../data/raw/worms/extracted/20250318/image_04306.npy,Not enough keypoints in query image,0.0000
../data/raw/worms/extracted/20250318/image_04307.npy,Not enough keypoints in query image,0.0000
../data/raw/worms/extracted/20250318/image_04308.npy,Not enough keypoints in query image,0.0000
../data/raw/worms/extracted/20250318/image_04309.npy,Not enough keypoints in query image,0.0000
../data/raw/worms/extracted/20250318/image_04310.npy,Not enough keypoints in query image,0.0000
../data/raw/worms/extracted/20250318/image_04311.npy,Not enough keypoints in query image,0.0000
../data/raw/worms/extracted/20250318/image_04312.npy,Not enough keypoints in query image,0.0000
../data/raw/worms/extracted/20250318/image_04313.npy,Not enough keypoints in query image,0.0000
../data/raw/worms/extracted/20250318/image_04314.npy,Not enough keypoints in query image,0.0000
../data/raw/worms/extracted/20250318/image_04315.npy,Not enough keypoints in query image,0.0000
../data/raw/worms/extracted/20250318/image_04316.npy,Not enough keypoints in query image,0.0000
../data/raw/worms/extracted/20250318/image_04317.npy,Not enough keypoints in query image,0.0000
../data/raw/worms/extracted/20250318/image_04318.npy,Not enough keypoints in query image,0.0000
../data/raw/worms/extracted/20250318/image_04319.npy,Not enough keypoints in query image,0.0000
../data/raw/worms/extracted/20250318/image_04320.npy,Not enough keypoints in query image,0.0000
../data/raw/worms/extracted/20250318/image_04321.npy,Not enough keypoints in query image,0.0000
../data/raw/worms/extracted/20250318/image_04322.npy,Not enough keypoints in query image,0.0000
../data/raw/worms/extracted/20250318/image_04323.npy,Not enough keypoints in query image,0.0000
../data/raw/worms/extracted/20250318/image_04324.npy,Not enough keypoints in query image,0.0000
../data/raw/worms/extracted/20250318/image_04325.npy,Not enough keypoints in query image,0.0000
../data/raw/worms/extracted/20250318/image_04326.npy,Not enough keypoints in query image,0.0000
../data/raw/worms/extracted/20250318/image_04327.npy,Not enough keypoints in query image,0.0000
../data/raw/worms/extracted/20250318/image_04328.npy,Not enough keypoints in query image,0.0000
../data/raw/worms/extracted/20250318/image_04329.npy,Not enough keypoints in query image,0.0000
../data/raw/worms/extracted/20250318/image_04330.npy,Not enough keypoints in query image,0.0000
../data/raw/worms/extracted/20250318/image_04331.npy,Not enough keypoints in query image,0.0000
../data/raw/worms/extracted/20250318/image_04332.npy,Not enough keypoints in query image,0.0000
../data/raw/worms/extracted/20250318/image_04333.npy,Not enough keypoints in query image,0.0000
../data/raw/worms/extracted/20250318/image_04334.npy,Not enough keypoints in query image,0.0000
../data/raw/worms/extracted/20250318/image_04335.npy,Not enough keypoints in query image,0.0000
../data/raw/worms/extracted/20250318/image_04336.npy,Not enough keypoints in query image,0.0000
../data/raw/worms/extracted/20250318/image_04337.npy,Not enough keypoints in query image,0.0000
../data/raw/worms/extracted/20250318/image_04338.npy,Not enough keypoints in query image,0.0000
../data/raw/worms/extracted/20250318/image_04339.npy,Not enough keypoints in query image,0.0000
../data/raw/worms/extracted/20250318/image_04340.npy,Not enough keypoints in query image,0.0000
../data/raw/worms/extracted/20250318/image_04341.npy,Not enough keypoints in query image,0.0000
../data/raw/worms/extracted/20250318/image_04342.npy,Not enough keypoints in query image,0.0000
../data/raw/worms/extracted/20250318/image_04343.npy,Not enough keypoints in query image,0.0000
../data/raw/worms/extracted/20250318/image_04344.npy,Not enough keypoints in query image,0.0000
../data/raw/worms/extracted/20250318/image_04345.npy,Not enough keypoints in query image,0.0000
../data/raw/worms/extracted/20250318/image_04346.npy,Not enough keypoints in query image,0.0000
../data/raw/worms/extracted/20250318/image_04347.npy,Not enough keypoints in query image,0.0000
../data/raw/worms/extracted/20250318/image_04348.npy,Not enough keypoints in query image,0.0000
../data/raw/worms/extracted/20250318/image_04349.npy,Not enough keypoints in query image,0.0000
../data/raw/worms/extracted/20250318/image_04350.npy,Not enough keypoints in query image,0.0000
../data/raw/worms/extracted/20250318/image_04351.npy,Not enough keypoints in query image,0.0000
../data/raw/worms/extracted/20250318/image_04352.npy,Not enough keypoints in query image,0.0000
../data/raw/worms/extracted/20250318/image_04353.npy,Not enough keypoints in query image,0.0000
../data/raw/worms/extracted/20250318/image_04354.npy,Not enough keypoints in query image,0.0000
../data/raw/worms/extracted/20250318/image_04355.npy,Not enough keypoints in query image,0.0000
../data/raw/worms/extracted/20250318/image_04356.npy,Not enough keypoints in query image,0.0000
../data/raw/worms/extracted/20250318/image_04357.npy,Not enough keypoints in query image,0.0000
../data/raw/worms/extracted/20250318/image_04358.npy,Not enough keypoints in query image,0.0000
../data/raw/worms/extracted/20250318/image_04359.npy,Not enough keypoints in query image,0.0000
../data/raw/worms/extracted/20250318/image_04360.npy,Not enough keypoints in query image,0.0000
../data/raw/worms/extracted/20250318/image_04361.npy,Not enough keypoints in query image,0.0000
../data/raw/worms/extracted/20250318/image_04362.npy,Not enough keypoints in query image,0.0000
../data/raw/worms/extracted/20250318/image_04363.npy,Not enough keypoints in query image,0.0000
../data/raw/worms/extracted/20250318/image_04364.npy,Not enough keypoints in query image,0.0000
../data/raw/worms/extracted/20250318/image_04365.npy,Not enough keypoints in query image,0.0000
../data/raw/worms/extracted/20250318/image_04366.npy,Not enough keypoints in query image,0.0000
../data/raw/worms/extracted/20250318/image_04367.npy,Not enough keypoints in query image,0.0000
../data/raw/worms/extracted/20250318/image_04368.npy,Not enough keypoints in query image,0.0000
../data/raw/worms/extracted/20250318/image_04369.npy,Not enough keypoints in query image,0.0000
../data/raw/worms/extracted/20250318/image_04370.npy,Not enough keypoints in query image,0.0000
../data/raw/worms/extracted/20250318/image_04371.npy,Not enough keypoints in query image,0.0000
../data/raw/worms/extracted/20250318/image_04372.npy,Not enough keypoints in query image,0.0000
../data/raw/worms/extracted/20250318/image_04373.npy,Not enough keypoints in query image,0.0000
../data/raw/worms/extracted/20250318/image_04374.npy,Not enough keypoints in query image,0.0000
../data/raw/worms/extracted/20250318/image_04375.npy,Not enough keypoints in query image,0.0000
../data/raw/worms/extracted/20250318/image_04376.npy,Not enough keypoints in query image,0.0000
../data/raw/worms/extracted/20250318/image_04377.npy,Not enough keypoints in query image,0.0000
../data/raw/worms/extracted/20250318/image_04378.npy,Not enough keypoints in query image,0.0000
../data/raw/worms/extracted/20250318/image_04379.npy,Not enough keypoints in query image,0.0000
../data/raw/worms/extracted/20250318/image_04380.npy,Not enough keypoints in query image,0.0000
../data/raw/worms/extracted/20250318/image_04381.npy,Not enough keypoints in query image,0.0000
../data/raw/worms/extracted/20250318/image_04382.npy,Not enough keypoints in query image,0.0000
../data/raw/worms/extracted/20250318/image_04383.npy,Not enough keypoints in query image,0.0000
../data/raw/worms/extracted/20250318/image_04384.npy,Not enough keypoints in query image,0.0000
../data/raw/worms/extracted/20250318/image_04385.npy,Not enough keypoints in query image,0.0000
../data/raw/worms/extracted/20250318/image_04386.npy,Not enough keypoints in query image,0.0000
../data/raw/worms/extracted/20250318/image_04387.npy,Not enough keypoints in query image,0.0000
../data/raw/worms/extracted/20250318/image_04388.npy,Not enough keypoints in query image,0.0000
../data/raw/worms/extracted/20250318/image_04389.npy,Not enough keypoints in query image,0.0000
../data/raw/worms/extracted/20250318/image_04390.npy,Not enough keypoints in query image,0.0000
../data/raw/worms/extracted/20250318/image_04391.npy,Not enough keypoints in query image,0.0000
../data/raw/worms/extracted/20250318/image_04392.npy,Not enough keypoints in query image,0.0000
../data/raw/worms/extracted/20250318/image_04393.npy,Not enough keypoints in query image,0.0000
../data/raw/worms/extracted/20250318/image_04394.npy,Not enough keypoints in query image,0.0000
../data/raw/worms/extracted/20250318/image_04395.npy,Not enough keypoints in query image,0.0000
../data/raw/worms/extracted/20250318/image_04396.npy,Not enough keypoints in query image,0.0000
../data/raw/worms/extracted/20250318/image_04397.npy,Not enough keypoints in query image,0.0000
../data/raw/worms/extracted/20250318/image_04398.npy,Not enough keypoints in query image,0.0000
../data/raw/worms/extracted/20250318/image_04399.npy,Not enough keypoints in query image,0.0000
../data/raw/worms/extracted/20250318/image_04400.npy,Not enough keypoints in query image,0.0000
../data/raw/worms/extracted/20250318/image_04401.npy,Not enough keypoints in query image,0.0000
../data/raw/worms/extracted/20250318/image_04402.npy,Not enough keypoints in query image,0.0000
../data/raw/worms/extracted/20250318/image_04403.npy,Not enough keypoints in query image,0.0000
../data/raw/worms/extracted/20250318/image_04404.npy,Not enough keypoints in query image,0.0000
../data/raw/worms/extracted/20250318/image_04405.npy,Not enough keypoints in query image,0.0000
../data/raw/worms/extracted/20250318/image_04406.npy,Not enough keypoints in query image,0.0000
../data/raw/worms/extracted/20250318/image_04407.npy,Not enough keypoints in query image,0.0000
../data/raw/worms/extracted/20250318/image_04408.npy,Not enough keypoints in query image,0.0000
../data/raw/worms/extracted/20250318/image_04409.npy,Not enough keypoints in query image,0.0000
../data/raw/worms/extracted/20250318/image_04410.npy,Not enough keypoints in query image,0.0000
../data/raw/worms/extracted/20250318/image_04411.npy,Not enough keypoints in query image,0.0000
../data/raw/worms/extracted/20250318/image_04412.npy,Not enough keypoints in query image,0.0000
../data/raw/worms/extracted/20250318/image_04413.npy,Not enough keypoints in query image,0.0000
../data/raw/worms/extracted/20250318/image_04414.npy,Not enough keypoints in query image,0.0000
../data/raw/worms/extracted/20250318/image_04415.npy,Not enough keypoints in query image,0.0000
../data/raw/worms/extracted/20250318/image_04416.npy,Not enough keypoints in query image,0.0000
../data/raw/worms/extracted/20250318/image_04417.npy,Not enough keypoints in query image,0.0000
../data/raw/worms/extracted/20250318/image_04418.npy,Not enough keypoints in query image,0.0000
../data/raw/worms/extracted/20250318/image_04419.npy,Not enough keypoints in query image,0.0000
../data/raw/worms/extracted/20250318/image_04420.npy,Not enough keypoints in query image,0.0000
../data/raw/worms/extracted/20250318/image_04421.npy,Not enough keypoints in query image,0.0000
../data/raw/worms/extracted/20250318/image_04422.npy,Not enough keypoints in query image,0.0000
../data/raw/worms/extracted/20250318/image_04423.npy,Not enough keypoints in query image,0.0000
../data/raw/worms/extracted/20250318/image_04424.npy,Not enough keypoints in query image,0.0000
../data/raw/worms/extracted/20250318/image_04425.npy,Not enough keypoints in query image,0.0000
../data/raw/worms/extracted/20250318/image_04426.npy,Not enough keypoints in query image,0.0000
../data/raw/worms/extracted/20250318/image_04427.npy,Not enough keypoints in query image,0.0000
../data/raw/worms/extracted/20250318/image_04428.npy,Not enough keypoints in query image,0.0000
../data/raw/worms/extracted/20250318/image_04429.npy,Not enough keypoints in query image,0.0000
../data/raw/worms/extracted/20250318/image_04430.npy,Not enough keypoints in query image,0.0000
../data/raw/worms/extracted/20250318/image_04431.npy,Not enough keypoints in query image,0.0000
../data/raw/worms/extracted/20250318/image_04432.npy,Not enough keypoints in query image,0.0000
../data/raw/worms/extracted/20250318/image_04433.npy,Not enough keypoints in query image,0.0000
../data/raw/worms/extracted/20250318/image_04434.npy,Not enough keypoints in query image,0.0000
../data/raw/worms/extracted/20250318/image_04435.npy,Not enough keypoints in query image,0.0000
../data/raw/worms/extracted/20250318/image_04436.npy,Not enough keypoints in query image,0.0000
../data/raw/worms/extracted/20250318/image_04437.npy,Not enough keypoints in query image,0.0000
../data/raw/worms/extracted/20250318/image_04438.npy,Not enough keypoints in query image,0.0000
../data/raw/worms/extracted/20250318/image_04439.npy,Not enough keypoints in query image,0.0000
../data/raw/worms/extracted/20250318/image_04440.npy,Not enough keypoints in query image,0.0000
../data/raw/worms/extracted/20250318/image_04441.npy,Not enough keypoints in query image,0.0000
../data/raw/worms/extracted/20250318/image_04442.npy,Not enough keypoints in query image,0.0000
../data/raw/worms/extracted/20250318/image_04443.npy,Not enough keypoints in query image,0.0000
../data/raw/worms/extracted/20250318/image_04444.npy,Not enough keypoints in query image,0.0000
../data/raw/worms/extracted/20250318/image_04445.npy,Not enough keypoints in query image,0.0000
../data/raw/worms/extracted/20250318/image_04446.npy,Not enough keypoints in query image,0.0000
../data/raw/worms/extracted/20250318/image_04447.npy,Not enough keypoints in query image,0.0000
../data/raw/worms/extracted/20250318/image_04448.npy,Not enough keypoints in query image,0.0000
../data/raw/worms/extracted/20250318/image_04449.npy,Not enough keypoints in query image,0.0000
../data/raw/worms/extracted/20250318/image_04450.npy,Not enough keypoints in query image,0.0000
../data/raw/worms/extracted/20250318/image_04451.npy,Not enough keypoints in query image,0.0000
../data/raw/worms/extracted/20250318/image_04452.npy,Not enough keypoints in query image,0.0000
../data/raw/worms/extracted/20250318/image_04453.npy,Not enough keypoints in query image,0.0000
../data/raw/worms/extracted/20250318/image_04454.npy,Not enough keypoints in query image,0.0000
../data/raw/worms/extracted/20250318/image_04455.npy,Not enough keypoints in query image,0.0000
../data/raw/worms/extracted/20250318/image_04456.npy,Not enough keypoints in query image,0.0000
../data/raw/worms/extracted/20250318/image_04457.npy,Not enough keypoints in query image,0.0000
../data/raw/worms/extracted/20250318/image_04458.npy,Not enough keypoints in query image,0.0000
../data/raw/worms/extracted/20250318/image_04459.npy,Not enough keypoints in query image,0.0000
../data/raw/worms/extracted/20250318/image_04460.npy,Not enough keypoints in query image,0.0000
../data/raw/worms/extracted/20250318/image_04461.npy,Not enough keypoints in query image,0.0000
../data/raw/worms/extracted/20250318/image_04462.npy,Not enough keypoints in query image,0.0000
../data/raw/worms/extracted/20250318/image_04463.npy,Not enough keypoints in query image,0.0000
../data/raw/worms/extracted/20250318/image_04464.npy,Not enough keypoints in query image,0.0000
../data/raw/worms/extracted/20250318/image_04465.npy,Not enough keypoints in query image,0.0000
../data/raw/worms/extracted/20250318/image_04466.npy,Not enough keypoints in query image,0.0000
../data/raw/worms/extracted/20250318/image_04467.npy,Not enough keypoints in query image,0.0000
../data/raw/worms/extracted/20250318/image_04468.npy,Not enough keypoints in query image,0.0000
../data/raw/worms/extracted/20250318/image_04469.npy,Not enough keypoints in query image,0.0000
../data/raw/worms/extracted/20250318/image_04470.npy,Not enough keypoints in query image,0.0000
../data/raw/worms/extracted/20250318/image_04471.npy,Not enough keypoints in query image,0.0000
../data/raw/worms/extracted/20250318/image_04472.npy,Not enough keypoints in query image,0.0000
../data/raw/worms/extracted/20250318/image_04473.npy,Not enough keypoints in query image,0.0000
../data/raw/worms/extracted/20250318/image_04474.npy,Not enough keypoints in query image,0.0000
../data/raw/worms/extracted/20250318/image_04475.npy,Not enough keypoints in query image,0.0000
../data/raw/worms/extracted/20250318/image_04476.npy,Not enough keypoints in query image,0.0000
../data/raw/worms/extracted/20250318/image_04477.npy,Not enough keypoints in query image,0.0000
../data/raw/worms/extracted/20250318/image_04478.npy,Not enough keypoints in query image,0.0000
../data/raw/worms/extracted/20250318/image_04479.npy,Not enough keypoints in query image,0.0000
../data/raw/worms/extracted/20250318/image_04480.npy,Not enough keypoints in query image,0.0000
../data/raw/worms/extracted/20250318/image_04481.npy,Not enough keypoints in query image,0.0000
../data/raw/worms/extracted/20250318/image_04482.npy,Not enough keypoints in query image,0.0000
../data/raw/worms/extracted/20250318/image_04483.npy,Not enough keypoints in query image,0.0000
../data/raw/worms/extracted/20250318/image_04484.npy,Not enough keypoints in query image,0.0000
../data/raw/worms/extracted/20250318/image_04485.npy,Not enough keypoints in query image,0.0000
../data/raw/worms/extracted/20250318/image_04486.npy,Not enough keypoints in query image,0.0000
../data/raw/worms/extracted/20250318/image_04487.npy,Not enough keypoints in query image,0.0000
../data/raw/worms/extracted/20250318/image_04488.npy,Not enough keypoints in query image,0.0000
../data/raw/worms/extracted/20250318/image_04489.npy,Not enough keypoints in query image,0.0000
../data/raw/worms/extracted/20250318/image_04490.npy,Not enough keypoints in query image,0.0000
../data/raw/worms/extracted/20250318/image_04491.npy,Not enough keypoints in query image,0.0000
../data/raw/worms/extracted/20250318/image_04492.npy,Not enough keypoints in query image,0.0000
../data/raw/worms/extracted/20250318/image_04493.npy,Not enough keypoints in query image,0.0000
../data/raw/worms/extracted/20250318/image_04494.npy,Not enough keypoints in query image,0.0000
../data/raw/worms/extracted/20250318/image_04495.npy,Not enough keypoints in query image,0.0000
../data/raw/worms/extracted/20250318/image_04496.npy,Not enough keypoints in query image,0.0000
../data/raw/worms/extracted/20250318/image_04497.npy,Not enough keypoints in query image,0.0000
../data/raw/worms/extracted/20250318/image_04498.npy,Not enough keypoints in query image,0.0000
../data/raw/worms/extracted/20250318/image_04499.npy,Not enough keypoints in query image,0.0000
../data/raw/worms/extracted/20250318/image_04500.npy,Not enough keypoints in query image,0.0000
../data/raw/worms/extracted/20250318/image_04501.npy,Not enough keypoints in query image,0.0000
../data/raw/worms/extracted/20250318/image_04502.npy,Not enough keypoints in query image,0.0000
../data/raw/worms/extracted/20250318/image_04503.npy,Not enough keypoints in query image,0.0000
../data/raw/worms/extracted/20250318/image_04504.npy,Not enough keypoints in query image,0.0000
../data/raw/worms/extracted/20250318/image_04505.npy,Not enough keypoints in query image,0.0000
../data/raw/worms/extracted/20250318/image_04506.npy,Not enough keypoints in query image,0.0000
../data/raw/worms/extracted/20250318/image_04507.npy,Not enough keypoints in query image,0.0000
../data/raw/worms/extracted/20250318/image_04508.npy,Not enough keypoints in query image,0.0000
../data/raw/worms/extracted/20250318/image_04509.npy,Not enough keypoints in query image,0.0000
../data/raw/worms/extracted/20250318/image_04510.npy,Not enough keypoints in query image,0.0000
../data/raw/worms/extracted/20250318/image_04511.npy,Not enough keypoints in query image,0.0000
../data/raw/worms/extracted/20250318/image_04512.npy,Not enough keypoints in query image,0.0000
../data/raw/worms/extracted/20250318/image_04513.npy,Not enough keypoints in query image,0.0000
../data/raw/worms/extracted/20250318/image_04514.npy,Not enough keypoints in query image,0.0000
../data/raw/worms/extracted/20250318/image_04515.npy,Not enough keypoints in query image,0.0000
../data/raw/worms/extracted/20250318/image_04516.npy,Not enough keypoints in query image,0.0000
../data/raw/worms/extracted/20250318/image_04517.npy,Not enough keypoints in query image,0.0000
../data/raw/worms/extracted/20250318/image_04518.npy,Not enough keypoints in query image,0.0000
../data/raw/worms/extracted/20250318/image_04519.npy,Not enough keypoints in query image,0.0000
../data/raw/worms/extracted/20250318/image_04520.npy,Not enough keypoints in query image,0.0000
../data/raw/worms/extracted/20250318/image_04521.npy,Not enough keypoints in query image,0.0000
../data/raw/worms/extracted/20250318/image_04522.npy,Not enough keypoints in query image,0.0000
../data/raw/worms/extracted/20250318/image_04523.npy,Not enough keypoints in query image,0.0000
../data/raw/worms/extracted/20250318/image_04524.npy,Not enough keypoints in query image,0.0000
../data/raw/worms/extracted/20250318/image_04525.npy,Not enough keypoints in query image,0.0000
../data/raw/worms/extracted/20250318/image_04526.npy,Not enough keypoints in query image,0.0000
../data/raw/worms/extracted/20250318/image_04527.npy,Not enough keypoints in query image,0.0000
../data/raw/worms/extracted/20250318/image_04528.npy,Not enough keypoints in query image,0.0000
../data/raw/worms/extracted/20250318/image_04529.npy,Not enough keypoints in query image,0.0000
../data/raw/worms/extracted/20250318/image_04530.npy,Not enough keypoints in query image,0.0000
../data/raw/worms/extracted/20250318/image_04531.npy,Not enough keypoints in query image,0.0000
../data/raw/worms/extracted/20250318/image_04532.npy,Not enough keypoints in query image,0.0000
../data/raw/worms/extracted/20250318/image_04533.npy,Not enough keypoints in query image,0.0000
../data/raw/worms/extracted/20250318/image_04534.npy,Not enough keypoints in query image,0.0000
../data/raw/worms/extracted/20250318/image_04535.npy,Not enough keypoints in query image,0.0000
../data/raw/worms/extracted/20250318/image_04536.npy,Not enough keypoints in query image,0.0000
../data/raw/worms/extracted/20250318/image_04537.npy,Not enough keypoints in query image,0.0000
../data/raw/worms/extracted/20250318/image_04538.npy,Not enough keypoints in query image,0.0000
../data/raw/worms/extracted/20250318/image_04539.npy,Not enough keypoints in query image,0.0000
../data/raw/worms/extracted/20250318/image_04540.npy,Not enough keypoints in query image,0.0000
../data/raw/worms/extracted/20250318/image_04541.npy,Not enough keypoints in query image,0.0000
../data/raw/worms/extracted/20250318/image_04542.npy,Not enough keypoints in query image,0.0000
../data/raw/worms/extracted/20250318/image_04543.npy,Not enough keypoints in query image,0.0000
../data/raw/worms/extracted/20250318/image_04544.npy,Not enough keypoints in query image,0.0000
../data/raw/worms/extracted/20250318/image_04545.npy,Not enough keypoints in query image,0.0000
../data/raw/worms/extracted/20250318/image_04546.npy,Not enough keypoints in query image,0.0000
../data/raw/worms/extracted/20250318/image_04547.npy,Not enough keypoints in query image,0.0000
../data/raw/worms/extracted/20250318/image_04548.npy,Not enough keypoints in query image,0.0000
../data/raw/worms/extracted/20250318/image_04549.npy,Not enough keypoints in query image,0.0000
../data/raw/worms/extracted/20250318/image_04550.npy,Not enough keypoints in query image,0.0000
../data/raw/worms/extracted/20250318/image_04551.npy,Not enough keypoints in query image,0.0000
../data/raw/worms/extracted/20250318/image_04552.npy,Not enough keypoints in query image,0.0000
../data/raw/worms/extracted/20250318/image_04553.npy,Not enough keypoints in query image,0.0000
../data/raw/worms/extracted/20250318/image_04554.npy,Not enough keypoints in query image,0.0000
../data/raw/worms/extracted/20250318/image_04555.npy,Not enough keypoints in query image,0.0000
../data/raw/worms/extracted/20250318/image_04556.npy,Not enough keypoints in query image,0.0000
../data/raw/worms/extracted/20250318/image_04557.npy,Not enough keypoints in query image,0.0000
../data/raw/worms/extracted/20250318/image_04558.npy,Not enough keypoints in query image,0.0000
../data/raw/worms/extracted/20250318/image_04559.npy,Not enough keypoints in query image,0.0000
../data/raw/worms/extracted/20250318/image_04560.npy,Not enough keypoints in query image,0.0000
../data/raw/worms/extracted/20250318/image_04561.npy,Not enough keypoints in query image,0.0000
../data/raw/worms/extracted/20250318/image_04562.npy,Not enough keypoints in query image,0.0000
../data/raw/worms/extracted/20250318/image_04563.npy,Not enough keypoints in query image,0.0000
../data/raw/worms/extracted/20250318/image_04564.npy,Not enough keypoints in query image,0.0000
../data/raw/worms/extracted/20250318/image_04565.npy,Not enough keypoints in query image,0.0000
../data/raw/worms/extracted/20250318/image_04566.npy,Not enough keypoints in query image,0.0000
../data/raw/worms/extracted/20250318/image_04567.npy,Not enough keypoints in query image,0.0000
../data/raw/worms/extracted/20250318/image_04568.npy,Not enough keypoints in query image,0.0000
../data/raw/worms/extracted/20250318/image_04569.npy,Not enough keypoints in query image,0.0000
../data/raw/worms/extracted/20250318/image_04570.npy,Not enough keypoints in query image,0.0000
../data/raw/worms/extracted/20250318/image_04571.npy,Not enough keypoints in query image,0.0000
../data/raw/worms/extracted/20250318/image_04572.npy,Not enough keypoints in query image,0.0000
../data/raw/worms/extracted/20250318/image_04573.npy,Not enough keypoints in query image,0.0000
../data/raw/worms/extracted/20250318/image_04574.npy,Not enough keypoints in query image,0.0000
../data/raw/worms/extracted/20250318/image_04575.npy,Not enough keypoints in query image,0.0000
../data/raw/worms/extracted/20250318/image_04576.npy,Not enough keypoints in query image,0.0000
../data/raw/worms/extracted/20250318/image_04577.npy,Not enough keypoints in query image,0.0000
../data/raw/worms/extracted/20250318/image_04578.npy,Not enough keypoints in query image,0.0000
../data/raw/worms/extracted/20250318/image_04579.npy,Not enough keypoints in query image,0.0000
../data/raw/worms/extracted/20250318/image_04580.npy,Not enough keypoints in query image,0.0000
../data/raw/worms/extracted/20250318/image_04581.npy,Not enough keypoints in query image,0.0000
../data/raw/worms/extracted/20250318/image_04582.npy,Not enough keypoints in query image,0.0000
../data/raw/worms/extracted/20250318/image_04583.npy,Not enough keypoints in query image,0.0000
../data/raw/worms/extracted/20250318/image_04584.npy,Not enough keypoints in query image,0.0000
../data/raw/worms/extracted/20250318/image_04585.npy,Not enough keypoints in query image,0.0000
../data/raw/worms/extracted/20250318/image_04586.npy,Not enough keypoints in query image,0.0000
../data/raw/worms/extracted/20250318/image_04587.npy,Not enough keypoints in query image,0.0000
../data/raw/worms/extracted/20250318/image_04588.npy,Not enough keypoints in query image,0.0000
../data/raw/worms/extracted/20250318/image_04589.npy,Not enough keypoints in query image,0.0000
../data/raw/worms/extracted/20250318/image_04590.npy,Not enough keypoints in query image,0.0000
../data/raw/worms/extracted/20250318/image_04591.npy,Not enough keypoints in query image,0.0000
../data/raw/worms/extracted/20250318/image_04592.npy,Not enough keypoints in query image,0.0000
../data/raw/worms/extracted/20250318/image_04593.npy,Not enough keypoints in query image,0.0000
../data/raw/worms/extracted/20250318/image_04594.npy,Not enough keypoints in query image,0.0000
../data/raw/worms/extracted/20250318/image_04595.npy,Not enough keypoints in query image,0.0000
../data/raw/worms/extracted/20250318/image_04596.npy,Not enough keypoints in query image,0.0000
../data/raw/worms/extracted/20250318/image_04597.npy,Not enough keypoints in query image,0.0000
../data/raw/worms/extracted/20250318/image_04598.npy,Not enough keypoints in query image,0.0000
../data/raw/worms/extracted/20250318/image_04599.npy,Not enough keypoints in query image,0.0000
../data/raw/worms/extracted/20250318/image_04600.npy,Not enough keypoints in query image,0.0000
../data/raw/worms/extracted/20250318/image_04601.npy,Not enough keypoints in query image,0.0000
../data/raw/worms/extracted/20250318/image_04602.npy,Not enough keypoints in query image,0.0000
../data/raw/worms/extracted/20250318/image_04603.npy,Not enough keypoints in query image,0.0000
../data/raw/worms/extracted/20250318/image_04604.npy,Not enough keypoints in query image,0.0000
../data/raw/worms/extracted/20250318/image_04605.npy,Not enough keypoints in query image,0.0000
../data/raw/worms/extracted/20250318/image_04606.npy,Not enough keypoints in query image,0.0000
../data/raw/worms/extracted/20250318/image_04607.npy,Not enough keypoints in query image,0.0000
../data/raw/worms/extracted/20250318/image_04608.npy,Not enough keypoints in query image,0.0000
../data/raw/worms/extracted/20250318/image_04609.npy,Not enough keypoints in query image,0.0000
../data/raw/worms/extracted/20250318/image_04610.npy,Not enough keypoints in query image,0.0000
../data/raw/worms/extracted/20250318/image_04611.npy,Not enough keypoints in query image,0.0000
../data/raw/worms/extracted/20250318/image_04612.npy,Not enough keypoints in query image,0.0000
../data/raw/worms/extracted/20250318/image_04613.npy,Not enough keypoints in query image,0.0000
../data/raw/worms/extracted/20250318/image_04614.npy,Not enough keypoints in query image,0.0000
../data/raw/worms/extracted/20250318/image_04615.npy,Not enough keypoints in query image,0.0000
../data/raw/worms/extracted/20250318/image_04616.npy,Not enough keypoints in query image,0.0000
../data/raw/worms/extracted/20250318/image_04617.npy,Not enough keypoints in query image,0.0000
../data/raw/worms/extracted/20250318/image_04618.npy,Not enough keypoints in query image,0.0000
../data/raw/worms/extracted/20250318/image_04619.npy,Not enough keypoints in query image,0.0000
../data/raw/worms/extracted/20250318/image_04620.npy,Not enough keypoints in query image,0.0000
../data/raw/worms/extracted/20250318/image_04621.npy,Not enough keypoints in query image,0.0000
../data/raw/worms/extracted/20250318/image_04622.npy,Not enough keypoints in query image,0.0000
../data/raw/worms/extracted/20250318/image_04623.npy,Not enough keypoints in query image,0.0000
../data/raw/worms/extracted/20250318/image_04624.npy,Not enough keypoints in query image,0.0000
../data/raw/worms/extracted/20250318/image_04625.npy,Not enough keypoints in query image,0.0000
../data/raw/worms/extracted/20250318/image_04626.npy,Not enough keypoints in query image,0.0000
../data/raw/worms/extracted/20250318/image_04627.npy,Not enough keypoints in query image,0.0000
../data/raw/worms/extracted/20250318/image_04628.npy,Not enough keypoints in query image,0.0000
../data/raw/worms/extracted/20250318/image_04629.npy,Not enough keypoints in query image,0.0000
../data/raw/worms/extracted/20250318/image_04630.npy,Not enough keypoints in query image,0.0000
../data/raw/worms/extracted/20250318/image_04631.npy,Not enough keypoints in query image,0.0000
../data/raw/worms/extracted/20250318/image_04632.npy,Not enough keypoints in query image,0.0000
../data/raw/worms/extracted/20250318/image_04633.npy,Not enough keypoints in query image,0.0000
../data/raw/worms/extracted/20250318/image_04634.npy,Not enough keypoints in query image,0.0000
../data/raw/worms/extracted/20250318/image_04635.npy,Not enough keypoints in query image,0.0000
../data/raw/worms/extracted/20250318/image_04636.npy,Not enough keypoints in query image,0.0000
../data/raw/worms/extracted/20250318/image_04637.npy,Not enough keypoints in query image,0.0000
../data/raw/worms/extracted/20250318/image_04638.npy,Not enough keypoints in query image,0.0000
../data/raw/worms/extracted/20250318/image_04639.npy,Not enough keypoints in query image,0.0000
../data/raw/worms/extracted/20250318/image_04640.npy,Not enough keypoints in query image,0.0000
../data/raw/worms/extracted/20250318/image_04641.npy,Not enough keypoints in query image,0.0000
../data/raw/worms/extracted/20250318/image_04642.npy,Not enough keypoints in query image,0.0000
../data/raw/worms/extracted/20250318/image_04643.npy,Not enough keypoints in query image,0.0000
../data/raw/worms/extracted/20250318/image_04644.npy,Not enough keypoints in query image,0.0000
../data/raw/worms/extracted/20250318/image_04645.npy,Not enough keypoints in query image,0.0000
../data/raw/worms/extracted/20250318/image_04646.npy,Not enough keypoints in query image,0.0000
../data/raw/worms/extracted/20250318/image_04647.npy,Not enough keypoints in query image,0.0000
../data/raw/worms/extracted/20250318/image_04648.npy,Not enough keypoints in query image,0.0000
../data/raw/worms/extracted/20250318/image_04649.npy,Not enough keypoints in query image,0.0000
../data/raw/worms/extracted/20250318/image_04650.npy,Not enough keypoints in query image,0.0000
../data/raw/worms/extracted/20250318/image_04651.npy,Not enough keypoints in query image,0.0000
../data/raw/worms/extracted/20250318/image_04652.npy,Not enough keypoints in query image,0.0000
../data/raw/worms/extracted/20250318/image_04653.npy,Not enough keypoints in query image,0.0000
../data/raw/worms/extracted/20250318/image_04654.npy,Not enough keypoints in query image,0.0000
../data/raw/worms/extracted/20250318/image_04655.npy,Not enough keypoints in query image,0.0000
../data/raw/worms/extracted/20250318/image_04656.npy,Not enough keypoints in query image,0.0000
../data/raw/worms/extracted/20250318/image_04657.npy,Not enough keypoints in query image,0.0000
../data/raw/worms/extracted/20250318/image_04658.npy,Not enough keypoints in query image,0.0000
../data/raw/worms/extracted/20250318/image_04659.npy,Not enough keypoints in query image,0.0000
../data/raw/worms/extracted/20250318/image_04660.npy,Not enough keypoints in query image,0.0000
../data/raw/worms/extracted/20250318/image_04661.npy,Not enough keypoints in query image,0.0000
../data/raw/worms/extracted/20250318/image_04662.npy,Not enough keypoints in query image,0.0000
../data/raw/worms/extracted/20250318/image_04663.npy,Not enough keypoints in query image,0.0000
../data/raw/worms/extracted/20250318/image_04664.npy,Not enough keypoints in query image,0.0000
../data/raw/worms/extracted/20250318/image_04665.npy,Not enough keypoints in query image,0.0000
../data/raw/worms/extracted/20250318/image_04666.npy,Not enough keypoints in query image,0.0000
../data/raw/worms/extracted/20250318/image_04667.npy,Not enough keypoints in query image,0.0000
../data/raw/worms/extracted/20250318/image_04668.npy,Not enough keypoints in query image,0.0000
../data/raw/worms/extracted/20250318/image_04669.npy,Not enough keypoints in query image,0.0000
../data/raw/worms/extracted/20250318/image_04670.npy,Not enough keypoints in query image,0.0000
../data/raw/worms/extracted/20250318/image_04671.npy,Not enough keypoints in query image,0.0000
../data/raw/worms/extracted/20250318/image_04672.npy,Not enough keypoints in query image,0.0000
../data/raw/worms/extracted/20250318/image_04673.npy,Not enough keypoints in query image,0.0000
../data/raw/worms/extracted/20250318/image_04674.npy,Not enough keypoints in query image,0.0000
../data/raw/worms/extracted/20250318/image_04675.npy,Not enough keypoints in query image,0.0000
../data/raw/worms/extracted/20250318/image_04676.npy,Not enough keypoints in query image,0.0000
../data/raw/worms/extracted/20250318/image_04677.npy,Not enough keypoints in query image,0.0000
../data/raw/worms/extracted/20250318/image_04678.npy,Not enough keypoints in query image,0.0000
../data/raw/worms/extracted/20250318/image_04679.npy,Not enough keypoints in query image,0.0000
../data/raw/worms/extracted/20250318/image_04680.npy,Not enough keypoints in query image,0.0000
../data/raw/worms/extracted/20250318/image_04681.npy,Not enough keypoints in query image,0.0000
../data/raw/worms/extracted/20250318/image_04682.npy,Not enough keypoints in query image,0.0000
../data/raw/worms/extracted/20250318/image_04683.npy,Not enough keypoints in query image,0.0000
../data/raw/worms/extracted/20250318/image_04684.npy,Not enough keypoints in query image,0.0000
../data/raw/worms/extracted/20250318/image_04685.npy,Not enough keypoints in query image,0.0000
../data/raw/worms/extracted/20250318/image_04686.npy,Not enough keypoints in query image,0.0000
../data/raw/worms/extracted/20250318/image_04687.npy,Not enough keypoints in query image,0.0000
../data/raw/worms/extracted/20250318/image_04688.npy,Not enough keypoints in query image,0.0000
../data/raw/worms/extracted/20250318/image_04689.npy,Not enough keypoints in query image,0.0000
../data/raw/worms/extracted/20250318/image_04690.npy,Not enough keypoints in query image,0.0000
../data/raw/worms/extracted/20250318/image_04691.npy,Not enough keypoints in query image,0.0000
../data/raw/worms/extracted/20250318/image_04692.npy,Not enough keypoints in query image,0.0000
../data/raw/worms/extracted/20250318/image_04693.npy,Not enough keypoints in query image,0.0000
../data/raw/worms/extracted/20250318/image_04694.npy,Not enough keypoints in query image,0.0000
../data/raw/worms/extracted/20250318/image_04695.npy,Not enough keypoints in query image,0.0000
../data/raw/worms/extracted/20250318/image_04696.npy,Not enough keypoints in query image,0.0000
../data/raw/worms/extracted/20250318/image_04697.npy,Not enough keypoints in query image,0.0000
../data/raw/worms/extracted/20250318/image_04698.npy,Not enough keypoints in query image,0.0000
../data/raw/worms/extracted/20250318/image_04699.npy,Not enough keypoints in query image,0.0000
../data/raw/worms/extracted/20250318/image_04700.npy,Not enough keypoints in query image,0.0000
../data/raw/worms/extracted/20250318/image_04701.npy,Not enough keypoints in query image,0.0000
../data/raw/worms/extracted/20250318/image_04702.npy,Not enough keypoints in query image,0.0000
../data/raw/worms/extracted/20250318/image_04703.npy,Not enough keypoints in query image,0.0000
../data/raw/worms/extracted/20250318/image_04704.npy,Not enough keypoints in query image,0.0000
../data/raw/worms/extracted/20250318/image_04705.npy,Not enough keypoints in query image,0.0000
../data/raw/worms/extracted/20250318/image_04706.npy,Not enough keypoints in query image,0.0000
../data/raw/worms/extracted/20250318/image_04707.npy,Not enough keypoints in query image,0.0000
../data/raw/worms/extracted/20250318/image_04708.npy,Not enough keypoints in query image,0.0000
../data/raw/worms/extracted/20250318/image_04709.npy,Not enough keypoints in query image,0.0000
../data/raw/worms/extracted/20250318/image_04710.npy,Not enough keypoints in query image,0.0000
../data/raw/worms/extracted/20250318/image_04711.npy,Not enough keypoints in query image,0.0000
../data/raw/worms/extracted/20250318/image_04712.npy,Not enough keypoints in query image,0.0000
../data/raw/worms/extracted/20250318/image_04713.npy,Not enough keypoints in query image,0.0000
../data/raw/worms/extracted/20250318/image_04714.npy,Not enough keypoints in query image,0.0000
../data/raw/worms/extracted/20250318/image_04715.npy,Not enough keypoints in query image,0.0000
../data/raw/worms/extracted/20250318/image_04716.npy,Not enough keypoints in query image,0.0000
../data/raw/worms/extracted/20250318/image_04717.npy,Not enough keypoints in query image,0.0000
../data/raw/worms/extracted/20250318/image_04718.npy,Not enough keypoints in query image,0.0000
../data/raw/worms/extracted/20250318/image_04719.npy,Not enough keypoints in query image,0.0000
../data/raw/worms/extracted/20250318/image_04720.npy,Not enough keypoints in query image,0.0000
../data/raw/worms/extracted/20250318/image_04721.npy,Not enough keypoints in query image,0.0000
../data/raw/worms/extracted/20250318/image_04722.npy,Not enough keypoints in query image,0.0000
../data/raw/worms/extracted/20250318/image_04723.npy,Not enough keypoints in query image,0.0000
../data/raw/worms/extracted/20250318/image_04724.npy,Not enough keypoints in query image,0.0000
../data/raw/worms/extracted/20250318/image_04725.npy,Not enough keypoints in query image,0.0000
../data/raw/worms/extracted/20250318/image_04726.npy,Not enough keypoints in query image,0.0000
../data/raw/worms/extracted/20250318/image_04727.npy,Not enough keypoints in query image,0.0000
../data/raw/worms/extracted/20250318/image_04728.npy,Not enough keypoints in query image,0.0000
../data/raw/worms/extracted/20250318/image_04729.npy,Not enough keypoints in query image,0.0000
../data/raw/worms/extracted/20250318/image_04730.npy,Not enough keypoints in query image,0.0000
../data/raw/worms/extracted/20250318/image_04731.npy,Not enough keypoints in query image,0.0000
../data/raw/worms/extracted/20250318/image_04732.npy,Not enough keypoints in query image,0.0000
../data/raw/worms/extracted/20250318/image_04733.npy,Not enough keypoints in query image,0.0000
../data/raw/worms/extracted/20250318/image_04734.npy,Not enough keypoints in query image,0.0000
../data/raw/worms/extracted/20250318/image_04735.npy,Not enough keypoints in query image,0.0000
../data/raw/worms/extracted/20250318/image_04736.npy,Not enough keypoints in query image,0.0000
../data/raw/worms/extracted/20250318/image_04737.npy,Not enough keypoints in query image,0.0000
../data/raw/worms/extracted/20250318/image_04738.npy,Not enough keypoints in query image,0.0000
../data/raw/worms/extracted/20250318/image_04739.npy,Not enough keypoints in query image,0.0000
../data/raw/worms/extracted/20250318/image_04740.npy,Not enough keypoints in query image,0.0000
../data/raw/worms/extracted/20250318/image_04741.npy,Not enough keypoints in query image,0.0000
../data/raw/worms/extracted/20250318/image_04742.npy,Not enough keypoints in query image,0.0000
../data/raw/worms/extracted/20250318/image_04743.npy,Not enough keypoints in query image,0.0000
../data/raw/worms/extracted/20250318/image_04744.npy,Not enough keypoints in query image,0.0000
../data/raw/worms/extracted/20250318/image_04745.npy,Not enough keypoints in query image,0.0000
../data/raw/worms/extracted/20250318/image_04746.npy,Not enough keypoints in query image,0.0000
../data/raw/worms/extracted/20250318/image_04747.npy,Not enough keypoints in query image,0.0000
../data/raw/worms/extracted/20250318/image_04748.npy,Not enough keypoints in query image,0.0000
../data/raw/worms/extracted/20250318/image_04749.npy,Not enough keypoints in query image,0.0000
../data/raw/worms/extracted/20250318/image_04750.npy,Not enough keypoints in query image,0.0000
../data/raw/worms/extracted/20250318/image_04751.npy,Not enough keypoints in query image,0.0000
../data/raw/worms/extracted/20250318/image_04752.npy,Not enough keypoints in query image,0.0000
../data/raw/worms/extracted/20250318/image_04753.npy,Not enough keypoints in query image,0.0000
../data/raw/worms/extracted/20250318/image_04754.npy,Not enough keypoints in query image,0.0000
../data/raw/worms/extracted/20250318/image_04755.npy,Not enough keypoints in query image,0.0000
../data/raw/worms/extracted/20250318/image_04756.npy,Not enough keypoints in query image,0.0000
../data/raw/worms/extracted/20250318/image_04757.npy,Not enough keypoints in query image,0.0000
../data/raw/worms/extracted/20250318/image_04758.npy,Not enough keypoints in query image,0.0000
../data/raw/worms/extracted/20250318/image_04759.npy,Not enough keypoints in query image,0.0000
../data/raw/worms/extracted/20250318/image_04760.npy,Not enough keypoints in query image,0.0000
../data/raw/worms/extracted/20250318/image_04761.npy,Not enough keypoints in query image,0.0000
../data/raw/worms/extracted/20250318/image_04762.npy,Not enough keypoints in query image,0.0000
../data/raw/worms/extracted/20250318/image_04763.npy,Not enough keypoints in query image,0.0000
../data/raw/worms/extracted/20250318/image_04764.npy,Not enough keypoints in query image,0.0000
../data/raw/worms/extracted/20250318/image_04765.npy,Not enough keypoints in query image,0.0000
../data/raw/worms/extracted/20250318/image_04766.npy,Not enough keypoints in query image,0.0000
../data/raw/worms/extracted/20250318/image_04767.npy,Not enough keypoints in query image,0.0000
../data/raw/worms/extracted/20250318/image_04768.npy,Not enough keypoints in query image,0.0000
../data/raw/worms/extracted/20250318/image_04769.npy,Not enough keypoints in query image,0.0000
../data/raw/worms/extracted/20250318/image_04770.npy,Not enough keypoints in query image,0.0000
../data/raw/worms/extracted/20250318/image_04771.npy,Not enough keypoints in query image,0.0000
../data/raw/worms/extracted/20250318/image_04772.npy,Not enough keypoints in query image,0.0000
../data/raw/worms/extracted/20250318/image_04773.npy,Not enough keypoints in query image,0.0000
../data/raw/worms/extracted/20250318/image_04774.npy,Not enough keypoints in query image,0.0000
../data/raw/worms/extracted/20250318/image_04775.npy,Not enough keypoints in query image,0.0000
../data/raw/worms/extracted/20250318/image_04776.npy,Not enough keypoints in query image,0.0000
../data/raw/worms/extracted/20250318/image_04777.npy,Not enough keypoints in query image,0.0000
../data/raw/worms/extracted/20250318/image_04778.npy,Not enough keypoints in query image,0.0000
../data/raw/worms/extracted/20250318/image_04779.npy,Not enough keypoints in query image,0.0000
../data/raw/worms/extracted/20250318/image_04780.npy,Not enough keypoints in query image,0.0000
../data/raw/worms/extracted/20250318/image_04781.npy,Not enough keypoints in query image,0.0000
../data/raw/worms/extracted/20250318/image_04782.npy,Not enough keypoints in query image,0.0000
../data/raw/worms/extracted/20250318/image_04783.npy,Not enough keypoints in query image,0.0000
../data/raw/worms/extracted/20250318/image_04784.npy,Not enough keypoints in query image,0.0000
../data/raw/worms/extracted/20250318/image_04785.npy,Not enough keypoints in query image,0.0000
../data/raw/worms/extracted/20250318/image_04786.npy,Not enough keypoints in query image,0.0000
../data/raw/worms/extracted/20250318/image_04787.npy,Not enough keypoints in query image,0.0000
../data/raw/worms/extracted/20250318/image_04788.npy,Not enough keypoints in query image,0.0000
../data/raw/worms/extracted/20250318/image_04789.npy,Not enough keypoints in query image,0.0000
../data/raw/worms/extracted/20250318/image_04790.npy,Not enough keypoints in query image,0.0000
../data/raw/worms/extracted/20250318/image_04791.npy,Not enough keypoints in query image,0.0000
../data/raw/worms/extracted/20250318/image_04792.npy,Not enough keypoints in query image,0.0000
../data/raw/worms/extracted/20250318/image_04793.npy,Not enough keypoints in query image,0.0000
../data/raw/worms/extracted/20250318/image_04794.npy,Not enough keypoints in query image,0.0000
../data/raw/worms/extracted/20250318/image_04795.npy,Not enough keypoints in query image,0.0000
../data/raw/worms/extracted/20250318/image_04796.npy,Not enough keypoints in query image,0.0000
../data/raw/worms/extracted/20250318/image_04797.npy,Not enough keypoints in query image,0.0000
../data/raw/worms/extracted/20250318/image_04798.npy,Not enough keypoints in query image,0.0000
../data/raw/worms/extracted/20250318/image_04799.npy,Not enough keypoints in query image,0.0000
../data/raw/worms/extracted/20250318/image_04800.npy,Not enough keypoints in query image,0.0000
../data/raw/worms/extracted/20250318/image_04801.npy,Not enough keypoints in query image,0.0000
../data/raw/worms/extracted/20250318/image_04802.npy,Not enough keypoints in query image,0.0000
../data/raw/worms/extracted/20250318/image_04803.npy,Not enough keypoints in query image,0.0000
../data/raw/worms/extracted/20250318/image_04804.npy,Not enough keypoints in query image,0.0000
../data/raw/worms/extracted/20250318/image_04805.npy,Not enough keypoints in query image,0.0000
../data/raw/worms/extracted/20250318/image_04806.npy,Not enough keypoints in query image,0.0000
../data/raw/worms/extracted/20250318/image_04807.npy,Not enough keypoints in query image,0.0000
../data/raw/worms/extracted/20250318/image_04808.npy,Not enough keypoints in query image,0.0000
../data/raw/worms/extracted/20250318/image_04809.npy,Not enough keypoints in query image,0.0000
../data/raw/worms/extracted/20250318/image_04810.npy,Not enough keypoints in query image,0.0000
../data/raw/worms/extracted/20250318/image_04811.npy,Not enough keypoints in query image,0.0000
../data/raw/worms/extracted/20250318/image_04812.npy,Not enough keypoints in query image,0.0000
../data/raw/worms/extracted/20250318/image_04813.npy,Not enough keypoints in query image,0.0000
../data/raw/worms/extracted/20250318/image_04814.npy,Not enough keypoints in query image,0.0000
../data/raw/worms/extracted/20250318/image_04815.npy,Not enough keypoints in query image,0.0000
../data/raw/worms/extracted/20250318/image_04816.npy,Not enough keypoints in query image,0.0000
../data/raw/worms/extracted/20250318/image_04817.npy,Not enough keypoints in query image,0.0000
../data/raw/worms/extracted/20250318/image_04818.npy,Not enough keypoints in query image,0.0000
../data/raw/worms/extracted/20250318/image_04819.npy,Not enough keypoints in query image,0.0000
../data/raw/worms/extracted/20250318/image_04820.npy,Not enough keypoints in query image,0.0000
../data/raw/worms/extracted/20250318/image_04821.npy,Not enough keypoints in query image,0.0000
../data/raw/worms/extracted/20250318/image_04822.npy,Not enough keypoints in query image,0.0000
../data/raw/worms/extracted/20250318/image_04823.npy,Not enough keypoints in query image,0.0000
../data/raw/worms/extracted/20250318/image_04824.npy,Not enough keypoints in query image,0.0000
../data/raw/worms/extracted/20250318/image_04825.npy,Not enough keypoints in query image,0.0000
../data/raw/worms/extracted/20250318/image_04826.npy,Not enough keypoints in query image,0.0000
../data/raw/worms/extracted/20250318/image_04827.npy,Not enough keypoints in query image,0.0000
../data/raw/worms/extracted/20250318/image_04828.npy,Not enough keypoints in query image,0.0000
../data/raw/worms/extracted/20250318/image_04829.npy,Not enough keypoints in query image,0.0000
../data/raw/worms/extracted/20250318/image_04830.npy,Not enough keypoints in query image,0.0000
../data/raw/worms/extracted/20250318/image_04831.npy,Not enough keypoints in query image,0.0000
../data/raw/worms/extracted/20250318/image_04832.npy,Not enough keypoints in query image,0.0000
../data/raw/worms/extracted/20250318/image_04833.npy,Not enough keypoints in query image,0.0000
../data/raw/worms/extracted/20250318/image_04834.npy,Not enough keypoints in query image,0.0000
../data/raw/worms/extracted/20250318/image_04835.npy,Not enough keypoints in query image,0.0000
../data/raw/worms/extracted/20250318/image_04836.npy,Not enough keypoints in query image,0.0000
../data/raw/worms/extracted/20250318/image_04837.npy,Not enough keypoints in query image,0.0000
../data/raw/worms/extracted/20250318/image_04838.npy,Not enough keypoints in query image,0.0000
../data/raw/worms/extracted/20250318/image_04839.npy,Not enough keypoints in query image,0.0000
../data/raw/worms/extracted/20250318/image_04840.npy,Not enough keypoints in query image,0.0000
../data/raw/worms/extracted/20250318/image_04841.npy,Not enough keypoints in query image,0.0000
../data/raw/worms/extracted/20250318/image_04842.npy,Not enough keypoints in query image,0.0000
../data/raw/worms/extracted/20250318/image_04843.npy,Not enough keypoints in query image,0.0000
../data/raw/worms/extracted/20250318/image_04844.npy,Not enough keypoints in query image,0.0000
../data/raw/worms/extracted/20250318/image_04845.npy,Not enough keypoints in query image,0.0000
../data/raw/worms/extracted/20250318/image_04846.npy,Not enough keypoints in query image,0.0000
../data/raw/worms/extracted/20250318/image_04847.npy,Not enough keypoints in query image,0.0000
../data/raw/worms/extracted/20250318/image_04848.npy,Not enough keypoints in query image,0.0000
../data/raw/worms/extracted/20250318/image_04849.npy,Not enough keypoints in query image,0.0000
../data/raw/worms/extracted/20250318/image_04850.npy,Not enough keypoints in query image,0.0000
../data/raw/worms/extracted/20250318/image_04851.npy,Not enough keypoints in query image,0.0000
../data/raw/worms/extracted/20250318/image_04852.npy,Not enough keypoints in query image,0.0000
../data/raw/worms/extracted/20250318/image_04853.npy,Not enough keypoints in query image,0.0000
../data/raw/worms/extracted/20250318/image_04854.npy,Not enough keypoints in query image,0.0000
../data/raw/worms/extracted/20250318/image_04855.npy,Not enough keypoints in query image,0.0000
../data/raw/worms/extracted/20250318/image_04856.npy,Not enough keypoints in query image,0.0000
../data/raw/worms/extracted/20250318/image_04857.npy,Not enough keypoints in query image,0.0000
../data/raw/worms/extracted/20250318/image_04858.npy,Not enough keypoints in query image,0.0000
../data/raw/worms/extracted/20250318/image_04859.npy,Not enough keypoints in query image,0.0000
../data/raw/worms/extracted/20250318/image_04860.npy,Not enough keypoints in query image,0.0000
../data/raw/worms/extracted/20250318/image_04861.npy,Not enough keypoints in query image,0.0000
../data/raw/worms/extracted/20250318/image_04862.npy,Not enough keypoints in query image,0.0000
../data/raw/worms/extracted/20250318/image_04863.npy,Not enough keypoints in query image,0.0000
../data/raw/worms/extracted/20250318/image_04864.npy,Not enough keypoints in query image,0.0000
../data/raw/worms/extracted/20250318/image_04865.npy,Not enough keypoints in query image,0.0000
../data/raw/worms/extracted/20250318/image_04866.npy,Not enough keypoints in query image,0.0000
../data/raw/worms/extracted/20250318/image_04867.npy,Not enough keypoints in query image,0.0000
../data/raw/worms/extracted/20250318/image_04868.npy,Not enough keypoints in query image,0.0000
../data/raw/worms/extracted/20250318/image_04869.npy,Not enough keypoints in query image,0.0000
../data/raw/worms/extracted/20250318/image_04870.npy,Not enough keypoints in query image,0.0000
../data/raw/worms/extracted/20250318/image_04871.npy,Not enough keypoints in query image,0.0000
../data/raw/worms/extracted/20250318/image_04872.npy,Not enough keypoints in query image,0.0000
../data/raw/worms/extracted/20250318/image_04873.npy,Not enough keypoints in query image,0.0000
../data/raw/worms/extracted/20250318/image_04874.npy,Not enough keypoints in query image,0.0000
../data/raw/worms/extracted/20250318/image_04875.npy,Not enough keypoints in query image,0.0000
../data/raw/worms/extracted/20250318/image_04876.npy,Not enough keypoints in query image,0.0000
../data/raw/worms/extracted/20250318/image_04877.npy,Not enough keypoints in query image,0.0000
../data/raw/worms/extracted/20250318/image_04878.npy,Not enough keypoints in query image,0.0000
../data/raw/worms/extracted/20250318/image_04879.npy,Not enough keypoints in query image,0.0000
../data/raw/worms/extracted/20250318/image_04880.npy,Not enough keypoints in query image,0.0000
../data/raw/worms/extracted/20250318/image_04881.npy,Not enough keypoints in query image,0.0000
../data/raw/worms/extracted/20250318/image_04882.npy,Not enough keypoints in query image,0.0000
../data/raw/worms/extracted/20250318/image_04883.npy,Not enough keypoints in query image,0.0000
../data/raw/worms/extracted/20250318/image_04884.npy,Not enough keypoints in query image,0.0000
../data/raw/worms/extracted/20250318/image_04885.npy,Not enough keypoints in query image,0.0000
../data/raw/worms/extracted/20250318/image_04886.npy,Not enough keypoints in query image,0.0000
../data/raw/worms/extracted/20250318/image_04887.npy,Not enough keypoints in query image,0.0000
../data/raw/worms/extracted/20250318/image_04888.npy,Not enough keypoints in query image,0.0000
../data/raw/worms/extracted/20250318/image_04889.npy,Not enough keypoints in query image,0.0000
../data/raw/worms/extracted/20250318/image_04890.npy,Not enough keypoints in query image,0.0000
../data/raw/worms/extracted/20250318/image_04891.npy,Not enough keypoints in query image,0.0000
../data/raw/worms/extracted/20250318/image_04892.npy,Not enough keypoints in query image,0.0000
../data/raw/worms/extracted/20250318/image_04893.npy,Not enough keypoints in query image,0.0000
../data/raw/worms/extracted/20250318/image_04894.npy,Not enough keypoints in query image,0.0000
../data/raw/worms/extracted/20250318/image_04895.npy,Not enough keypoints in query image,0.0000
../data/raw/worms/extracted/20250318/image_04896.npy,Not enough keypoints in query image,0.0000
../data/raw/worms/extracted/20250318/image_04897.npy,Not enough keypoints in query image,0.0000
../data/raw/worms/extracted/20250318/image_04898.npy,Not enough keypoints in query image,0.0000
../data/raw/worms/extracted/20250318/image_04899.npy,Not enough keypoints in query image,0.0000
../data/raw/worms/extracted/20250318/image_04900.npy,Not enough keypoints in query image,0.0000
../data/raw/worms/extracted/20250318/image_04901.npy,Not enough keypoints in query image,0.0000
../data/raw/worms/extracted/20250318/image_04902.npy,Not enough keypoints in query image,0.0000
../data/raw/worms/extracted/20250318/image_04903.npy,Not enough keypoints in query image,0.0000
../data/raw/worms/extracted/20250318/image_04904.npy,Not enough keypoints in query image,0.0000
../data/raw/worms/extracted/20250318/image_04905.npy,Not enough keypoints in query image,0.0000
../data/raw/worms/extracted/20250318/image_04906.npy,Not enough keypoints in query image,0.0000
../data/raw/worms/extracted/20250318/image_04907.npy,Not enough keypoints in query image,0.0000
../data/raw/worms/extracted/20250318/image_04908.npy,Not enough keypoints in query image,0.0000
../data/raw/worms/extracted/20250318/image_04909.npy,Not enough keypoints in query image,0.0000
../data/raw/worms/extracted/20250318/image_04910.npy,Not enough keypoints in query image,0.0000
../data/raw/worms/extracted/20250318/image_04911.npy,Not enough keypoints in query image,0.0000
../data/raw/worms/extracted/20250318/image_04912.npy,Not enough keypoints in query image,0.0000
../data/raw/worms/extracted/20250318/image_04913.npy,Not enough keypoints in query image,0.0000
../data/raw/worms/extracted/20250318/image_04914.npy,Not enough keypoints in query image,0.0000
../data/raw/worms/extracted/20250318/image_04915.npy,Not enough keypoints in query image,0.0000
../data/raw/worms/extracted/20250318/image_04916.npy,Not enough keypoints in query image,0.0000
../data/raw/worms/extracted/20250318/image_04917.npy,Not enough keypoints in query image,0.0000
../data/raw/worms/extracted/20250318/image_04918.npy,Not enough keypoints in query image,0.0000
../data/raw/worms/extracted/20250318/image_04919.npy,Not enough keypoints in query image,0.0000
../data/raw/worms/extracted/20250318/image_04920.npy,Not enough keypoints in query image,0.0000
../data/raw/worms/extracted/20250318/image_04921.npy,Not enough keypoints in query image,0.0000
../data/raw/worms/extracted/20250318/image_04922.npy,Not enough keypoints in query image,0.0000
../data/raw/worms/extracted/20250318/image_04923.npy,Not enough keypoints in query image,0.0000
../data/raw/worms/extracted/20250318/image_04924.npy,Not enough keypoints in query image,0.0000
../data/raw/worms/extracted/20250318/image_04925.npy,Not enough keypoints in query image,0.0000
../data/raw/worms/extracted/20250318/image_04926.npy,Not enough keypoints in query image,0.0000
../data/raw/worms/extracted/20250318/image_04927.npy,Not enough keypoints in query image,0.0000
../data/raw/worms/extracted/20250318/image_04928.npy,Not enough keypoints in query image,0.0000
../data/raw/worms/extracted/20250318/image_04929.npy,Not enough keypoints in query image,0.0000
../data/raw/worms/extracted/20250318/image_04930.npy,Not enough keypoints in query image,0.0000
../data/raw/worms/extracted/20250318/image_04931.npy,Not enough keypoints in query image,0.0000
../data/raw/worms/extracted/20250318/image_04932.npy,Not enough keypoints in query image,0.0000
../data/raw/worms/extracted/20250318/image_04933.npy,Not enough keypoints in query image,0.0000
../data/raw/worms/extracted/20250318/image_04934.npy,Not enough keypoints in query image,0.0000
../data/raw/worms/extracted/20250318/image_04935.npy,Not enough keypoints in query image,0.0000
../data/raw/worms/extracted/20250318/image_04936.npy,Not enough keypoints in query image,0.0000
../data/raw/worms/extracted/20250318/image_04937.npy,Not enough keypoints in query image,0.0000
../data/raw/worms/extracted/20250318/image_04938.npy,Not enough keypoints in query image,0.0000
../data/raw/worms/extracted/20250318/image_04939.npy,Not enough keypoints in query image,0.0000
../data/raw/worms/extracted/20250318/image_04940.npy,Not enough keypoints in query image,0.0000
../data/raw/worms/extracted/20250318/image_04941.npy,Not enough keypoints in query image,0.0000
../data/raw/worms/extracted/20250318/image_04942.npy,Not enough keypoints in query image,0.0000
../data/raw/worms/extracted/20250318/image_04943.npy,Not enough keypoints in query image,0.0000
../data/raw/worms/extracted/20250318/image_04944.npy,Not enough keypoints in query image,0.0000
../data/raw/worms/extracted/20250318/image_04945.npy,Not enough keypoints in query image,0.0000
../data/raw/worms/extracted/20250318/image_04946.npy,Not enough keypoints in query image,0.0000
../data/raw/worms/extracted/20250318/image_04947.npy,Not enough keypoints in query image,0.0000
../data/raw/worms/extracted/20250318/image_04948.npy,Not enough keypoints in query image,0.0000
../data/raw/worms/extracted/20250318/image_04949.npy,Not enough keypoints in query image,0.0000
../data/raw/worms/extracted/20250318/image_04950.npy,Not enough keypoints in query image,0.0000
../data/raw/worms/extracted/20250318/image_04951.npy,Not enough keypoints in query image,0.0000
../data/raw/worms/extracted/20250318/image_04952.npy,Not enough keypoints in query image,0.0000
../data/raw/worms/extracted/20250318/image_04953.npy,Not enough keypoints in query image,0.0000
../data/raw/worms/extracted/20250318/image_04954.npy,Not enough keypoints in query image,0.0000
../data/raw/worms/extracted/20250318/image_04955.npy,Not enough keypoints in query image,0.0000
../data/raw/worms/extracted/20250318/image_04956.npy,Not enough keypoints in query image,0.0000
../data/raw/worms/extracted/20250318/image_04957.npy,Not enough keypoints in query image,0.0000
../data/raw/worms/extracted/20250318/image_04958.npy,Not enough keypoints in query image,0.0000
../data/raw/worms/extracted/20250318/image_04959.npy,Not enough keypoints in query image,0.0000
../data/raw/worms/extracted/20250318/image_04960.npy,Not enough keypoints in query image,0.0000
../data/raw/worms/extracted/20250318/image_04961.npy,Not enough keypoints in query image,0.0000
../data/raw/worms/extracted/20250318/image_04962.npy,Not enough keypoints in query image,0.0000
../data/raw/worms/extracted/20250318/image_04963.npy,Not enough keypoints in query image,0.0000
../data/raw/worms/extracted/20250318/image_04964.npy,Not enough keypoints in query image,0.0000
../data/raw/worms/extracted/20250318/image_04965.npy,Not enough keypoints in query image,0.0000
../data/raw/worms/extracted/20250318/image_04966.npy,Not enough keypoints in query image,0.0000
../data/raw/worms/extracted/20250318/image_04967.npy,Not enough keypoints in query image,0.0000
../data/raw/worms/extracted/20250318/image_04968.npy,Not enough keypoints in query image,0.0000
../data/raw/worms/extracted/20250318/image_04969.npy,Not enough keypoints in query image,0.0000
../data/raw/worms/extracted/20250318/image_04970.npy,Not enough keypoints in query image,0.0000
../data/raw/worms/extracted/20250318/image_04971.npy,Not enough keypoints in query image,0.0000
../data/raw/worms/extracted/20250318/image_04972.npy,Not enough keypoints in query image,0.0000
../data/raw/worms/extracted/20250318/image_04973.npy,Not enough keypoints in query image,0.0000
../data/raw/worms/extracted/20250318/image_04974.npy,Not enough keypoints in query image,0.0000
../data/raw/worms/extracted/20250318/image_04975.npy,Not enough keypoints in query image,0.0000
../data/raw/worms/extracted/20250318/image_04976.npy,Not enough keypoints in query image,0.0000
../data/raw/worms/extracted/20250318/image_04977.npy,Not enough keypoints in query image,0.0000
../data/raw/worms/extracted/20250318/image_04978.npy,Not enough keypoints in query image,0.0000
../data/raw/worms/extracted/20250318/image_04979.npy,Not enough keypoints in query image,0.0000
../data/raw/worms/extracted/20250318/image_04980.npy,Not enough keypoints in query image,0.0000
../data/raw/worms/extracted/20250318/image_04981.npy,Not enough keypoints in query image,0.0000
../data/raw/worms/extracted/20250318/image_04982.npy,Not enough keypoints in query image,0.0000
../data/raw/worms/extracted/20250318/image_04983.npy,Not enough keypoints in query image,0.0000
../data/raw/worms/extracted/20250318/image_04984.npy,Not enough keypoints in query image,0.0000
../data/raw/worms/extracted/20250318/image_04985.npy,Not enough keypoints in query image,0.0000
../data/raw/worms/extracted/20250318/image_04986.npy,Not enough keypoints in query image,0.0000
../data/raw/worms/extracted/20250318/image_04987.npy,Not enough keypoints in query image,0.0000
../data/raw/worms/extracted/20250318/image_04988.npy,Not enough keypoints in query image,0.0000
../data/raw/worms/extracted/20250318/image_04989.npy,Not enough keypoints in query image,0.0000
../data/raw/worms/extracted/20250318/image_04990.npy,Not enough keypoints in query image,0.0000
../data/raw/worms/extracted/20250318/image_04991.npy,Not enough keypoints in query image,0.0000
../data/raw/worms/extracted/20250318/image_04992.npy,Not enough keypoints in query image,0.0000
../data/raw/worms/extracted/20250318/image_04993.npy,Not enough keypoints in query image,0.0000
../data/raw/worms/extracted/20250318/image_04994.npy,Not enough keypoints in query image,0.0000
../data/raw/worms/extracted/20250318/image_04995.npy,Not enough keypoints in query image,0.0000
../data/raw/worms/extracted/20250318/image_04996.npy,Not enough keypoints in query image,0.0000
../data/raw/worms/extracted/20250318/image_04997.npy,Not enough keypoints in query image,0.0000
../data/raw/worms/extracted/20250318/image_04998.npy,Not enough keypoints in query image,0.0000
../data/raw/worms/extracted/20250318/image_04999.npy,Not enough keypoints in query image,0.0000
../data/raw/worms/extracted/20250318/image_05000.npy,Not enough keypoints in query image,0.0000
../data/raw/worms/extracted/20250318/image_05001.npy,Not enough keypoints in query image,0.0000
../data/raw/worms/extracted/20250318/image_05002.npy,Not enough keypoints in query image,0.0000
../data/raw/worms/extracted/20250318/image_05003.npy,Not enough keypoints in query image,0.0000
../data/raw/worms/extracted/20250318/image_05004.npy,Not enough keypoints in query image,0.0000
../data/raw/worms/extracted/20250318/image_05005.npy,Not enough keypoints in query image,0.0000
../data/raw/worms/extracted/20250318/image_05006.npy,Not enough keypoints in query image,0.0000
../data/raw/worms/extracted/20250318/image_05007.npy,Not enough keypoints in query image,0.0000
../data/raw/worms/extracted/20250318/image_05008.npy,Not enough keypoints in query image,0.0000
../data/raw/worms/extracted/20250318/image_05009.npy,Not enough keypoints in query image,0.0000
../data/raw/worms/extracted/20250318/image_05010.npy,Not enough keypoints in query image,0.0000
../data/raw/worms/extracted/20250318/image_05011.npy,Not enough keypoints in query image,0.0000
../data/raw/worms/extracted/20250318/image_05012.npy,Not enough keypoints in query image,0.0000
../data/raw/worms/extracted/20250318/image_05013.npy,Not enough keypoints in query image,0.0000
../data/raw/worms/extracted/20250318/image_05014.npy,Not enough keypoints in query image,0.0000
../data/raw/worms/extracted/20250318/image_05015.npy,Not enough keypoints in query image,0.0000
../data/raw/worms/extracted/20250318/image_05016.npy,Not enough keypoints in query image,0.0000
../data/raw/worms/extracted/20250318/image_05017.npy,Not enough keypoints in query image,0.0000
../data/raw/worms/extracted/20250318/image_05018.npy,Not enough keypoints in query image,0.0000
../data/raw/worms/extracted/20250318/image_05019.npy,Not enough keypoints in query image,0.0000
../data/raw/worms/extracted/20250318/image_05020.npy,Not enough keypoints in query image,0.0000
../data/raw/worms/extracted/20250318/image_05021.npy,Not enough keypoints in query image,0.0000
../data/raw/worms/extracted/20250318/image_05022.npy,Not enough keypoints in query image,0.0000
../data/raw/worms/extracted/20250318/image_05023.npy,Not enough keypoints in query image,0.0000
../data/raw/worms/extracted/20250318/image_05024.npy,Not enough keypoints in query image,0.0000
../data/raw/worms/extracted/20250318/image_05025.npy,Not enough keypoints in query image,0.0000
../data/raw/worms/extracted/20250318/image_05026.npy,Not enough keypoints in query image,0.0000
../data/raw/worms/extracted/20250318/image_05027.npy,Not enough keypoints in query image,0.0000
../data/raw/worms/extracted/20250318/image_05028.npy,Not enough keypoints in query image,0.0000
../data/raw/worms/extracted/20250318/image_05029.npy,Not enough keypoints in query image,0.0000
../data/raw/worms/extracted/20250318/image_05030.npy,Not enough keypoints in query image,0.0000
../data/raw/worms/extracted/20250318/image_05031.npy,Not enough keypoints in query image,0.0000
../data/raw/worms/extracted/20250318/image_05032.npy,Not enough keypoints in query image,0.0000
../data/raw/worms/extracted/20250318/image_05033.npy,Not enough keypoints in query image,0.0000
../data/raw/worms/extracted/20250318/image_05034.npy,Not enough keypoints in query image,0.0000
../data/raw/worms/extracted/20250318/image_05035.npy,Not enough keypoints in query image,0.0000
../data/raw/worms/extracted/20250318/image_05036.npy,Not enough keypoints in query image,0.0000
../data/raw/worms/extracted/20250318/image_05037.npy,Not enough keypoints in query image,0.0000
../data/raw/worms/extracted/20250318/image_05038.npy,Not enough keypoints in query image,0.0000
../data/raw/worms/extracted/20250318/image_05039.npy,Not enough keypoints in query image,0.0000
../data/raw/worms/extracted/20250318/image_05040.npy,Not enough keypoints in query image,0.0000
../data/raw/worms/extracted/20250318/image_05041.npy,Not enough keypoints in query image,0.0000
../data/raw/worms/extracted/20250318/image_05042.npy,Not enough keypoints in query image,0.0000
../data/raw/worms/extracted/20250318/image_05043.npy,Not enough keypoints in query image,0.0000
../data/raw/worms/extracted/20250318/image_05044.npy,Not enough keypoints in query image,0.0000
../data/raw/worms/extracted/20250318/image_05045.npy,Not enough keypoints in query image,0.0000
../data/raw/worms/extracted/20250318/image_05046.npy,Not enough keypoints in query image,0.0000
../data/raw/worms/extracted/20250318/image_05047.npy,Not enough keypoints in query image,0.0000
../data/raw/worms/extracted/20250318/image_05048.npy,Not enough keypoints in query image,0.0000
../data/raw/worms/extracted/20250318/image_05049.npy,Not enough keypoints in query image,0.0000
../data/raw/worms/extracted/20250318/image_05050.npy,Not enough keypoints in query image,0.0000
../data/raw/worms/extracted/20250318/image_05051.npy,Not enough keypoints in query image,0.0000
../data/raw/worms/extracted/20250318/image_05052.npy,Not enough keypoints in query image,0.0000
../data/raw/worms/extracted/20250318/image_05053.npy,Not enough keypoints in query image,0.0000
../data/raw/worms/extracted/20250318/image_05054.npy,Not enough keypoints in query image,0.0000
../data/raw/worms/extracted/20250318/image_05055.npy,Not enough keypoints in query image,0.0000
../data/raw/worms/extracted/20250318/image_05056.npy,Not enough keypoints in query image,0.0000
../data/raw/worms/extracted/20250318/image_05057.npy,Not enough keypoints in query image,0.0000
../data/raw/worms/extracted/20250318/image_05058.npy,Not enough keypoints in query image,0.0000
../data/raw/worms/extracted/20250318/image_05059.npy,Not enough keypoints in query image,0.0000
../data/raw/worms/extracted/20250318/image_05060.npy,Not enough keypoints in query image,0.0000
../data/raw/worms/extracted/20250318/image_05061.npy,Not enough keypoints in query image,0.0000
../data/raw/worms/extracted/20250318/image_05062.npy,Not enough keypoints in query image,0.0000
../data/raw/worms/extracted/20250318/image_05063.npy,Not enough keypoints in query image,0.0000
../data/raw/worms/extracted/20250318/image_05064.npy,Not enough keypoints in query image,0.0000
../data/raw/worms/extracted/20250318/image_05065.npy,Not enough keypoints in query image,0.0000
../data/raw/worms/extracted/20250318/image_05066.npy,Not enough keypoints in query image,0.0000
../data/raw/worms/extracted/20250318/image_05067.npy,Not enough keypoints in query image,0.0000
../data/raw/worms/extracted/20250318/image_05068.npy,Not enough keypoints in query image,0.0000
../data/raw/worms/extracted/20250318/image_05069.npy,Not enough keypoints in query image,0.0000
../data/raw/worms/extracted/20250318/image_05070.npy,Not enough keypoints in query image,0.0000
../data/raw/worms/extracted/20250318/image_05071.npy,Not enough keypoints in query image,0.0000
../data/raw/worms/extracted/20250318/image_05072.npy,Not enough keypoints in query image,0.0000
../data/raw/worms/extracted/20250318/image_05073.npy,Not enough keypoints in query image,0.0000
../data/raw/worms/extracted/20250318/image_05074.npy,Not enough keypoints in query image,0.0000
../data/raw/worms/extracted/20250318/image_05075.npy,Not enough keypoints in query image,0.0000
../data/raw/worms/extracted/20250318/image_05076.npy,Not enough keypoints in query image,0.0000
../data/raw/worms/extracted/20250318/image_05077.npy,Not enough keypoints in query image,0.0000
../data/raw/worms/extracted/20250318/image_05078.npy,Not enough keypoints in query image,0.0000
../data/raw/worms/extracted/20250318/image_05079.npy,Not enough keypoints in query image,0.0000
../data/raw/worms/extracted/20250318/image_05080.npy,Not enough keypoints in query image,0.0000
../data/raw/worms/extracted/20250318/image_05081.npy,Not enough keypoints in query image,0.0000
../data/raw/worms/extracted/20250318/image_05082.npy,Not enough keypoints in query image,0.0000
../data/raw/worms/extracted/20250318/image_05083.npy,Not enough keypoints in query image,0.0000
../data/raw/worms/extracted/20250318/image_05084.npy,Not enough keypoints in query image,0.0000
../data/raw/worms/extracted/20250318/image_05085.npy,Not enough keypoints in query image,0.0000
../data/raw/worms/extracted/20250318/image_05086.npy,Not enough keypoints in query image,0.0000
../data/raw/worms/extracted/20250318/image_05087.npy,Not enough keypoints in query image,0.0000
../data/raw/worms/extracted/20250318/image_05088.npy,Not enough keypoints in query image,0.0000
../data/raw/worms/extracted/20250318/image_05089.npy,Not enough keypoints in query image,0.0000
../data/raw/worms/extracted/20250318/image_05090.npy,Not enough keypoints in query image,0.0000
../data/raw/worms/extracted/20250318/image_05091.npy,Not enough keypoints in query image,0.0000
../data/raw/worms/extracted/20250318/image_05092.npy,Not enough keypoints in query image,0.0000
../data/raw/worms/extracted/20250318/image_05093.npy,Not enough keypoints in query image,0.0000
../data/raw/worms/extracted/20250318/image_05094.npy,Not enough keypoints in query image,0.0000
../data/raw/worms/extracted/20250318/image_05095.npy,Not enough keypoints in query image,0.0000
../data/raw/worms/extracted/20250318/image_05096.npy,Not enough keypoints in query image,0.0000
../data/raw/worms/extracted/20250318/image_05097.npy,Not enough keypoints in query image,0.0000
../data/raw/worms/extracted/20250318/image_05098.npy,Not enough keypoints in query image,0.0000
../data/raw/worms/extracted/20250318/image_05099.npy,Not enough keypoints in query image,0.0000
../data/raw/worms/extracted/20250318/image_05100.npy,Not enough keypoints in query image,0.0000
../data/raw/worms/extracted/20250318/image_05101.npy,Not enough keypoints in query image,0.0000
../data/raw/worms/extracted/20250318/image_05102.npy,Not enough keypoints in query image,0.0000
../data/raw/worms/extracted/20250318/image_05103.npy,Not enough keypoints in query image,0.0000
../data/raw/worms/extracted/20250318/image_05104.npy,Not enough keypoints in query image,0.0000
../data/raw/worms/extracted/20250318/image_05105.npy,Not enough keypoints in query image,0.0000
../data/raw/worms/extracted/20250318/image_05106.npy,Not enough keypoints in query image,0.0000
../data/raw/worms/extracted/20250318/image_05107.npy,Not enough keypoints in query image,0.0000
../data/raw/worms/extracted/20250318/image_05108.npy,Not enough keypoints in query image,0.0000
../data/raw/worms/extracted/20250318/image_05109.npy,Not enough keypoints in query image,0.0000
../data/raw/worms/extracted/20250318/image_05110.npy,Not enough keypoints in query image,0.0000
../data/raw/worms/extracted/20250318/image_05111.npy,Not enough keypoints in query image,0.0000
../data/raw/worms/extracted/20250318/image_05112.npy,Not enough keypoints in query image,0.0000
../data/raw/worms/extracted/20250318/image_05113.npy,Not enough keypoints in query image,0.0000
../data/raw/worms/extracted/20250318/image_05114.npy,Not enough keypoints in query image,0.0000
../data/raw/worms/extracted/20250318/image_05115.npy,Not enough keypoints in query image,0.0000
../data/raw/worms/extracted/20250318/image_05116.npy,Not enough keypoints in query image,0.0000
../data/raw/worms/extracted/20250318/image_05117.npy,Not enough keypoints in query image,0.0000
../data/raw/worms/extracted/20250318/image_05118.npy,Not enough keypoints in query image,0.0000
../data/raw/worms/extracted/20250318/image_05119.npy,Not enough keypoints in query image,0.0000
../data/raw/worms/extracted/20250318/image_05120.npy,Not enough keypoints in query image,0.0000
../data/raw/worms/extracted/20250318/image_05121.npy,Not enough keypoints in query image,0.0000
